DAY_OF_PROD,OIL_PROD_VOL,CUM_OIL_PROD,WELL_CODE
0,285,285,NO 15/9-F-12 H
1,1870,2155,NO 15/9-F-12 H
2,3124,5279,NO 15/9-F-12 H
3,2608,7887,NO 15/9-F-12 H
4,3052,10939,NO 15/9-F-12 H
5,2983,13922,NO 15/9-F-12 H
6,2981,16903,NO 15/9-F-12 H
7,3046,19949,NO 15/9-F-12 H
8,3057,23006,NO 15/9-F-12 H
9,3030,26036,NO 15/9-F-12 H
10,2908,28944,NO 15/9-F-12 H
11,1852,30796,NO 15/9-F-12 H
12,3127,33923,NO 15/9-F-12 H
13,3046,36969,NO 15/9-F-12 H
14,3047,40016,NO 15/9-F-12 H
15,3036,43052,NO 15/9-F-12 H
16,2972,46024,NO 15/9-F-12 H
17,3071,49095,NO 15/9-F-12 H
18,3068,52163,NO 15/9-F-12 H
19,3067,55230,NO 15/9-F-12 H
20,3044,58274,NO 15/9-F-12 H
21,2983,61257,NO 15/9-F-12 H
22,2967,64224,NO 15/9-F-12 H
23,2951,67175,NO 15/9-F-12 H
24,2657,69832,NO 15/9-F-12 H
25,2578,72410,NO 15/9-F-12 H
26,2997,75407,NO 15/9-F-12 H
27,3021,78428,NO 15/9-F-12 H
28,3010,81438,NO 15/9-F-12 H
29,2794,84232,NO 15/9-F-12 H
30,3059,87291,NO 15/9-F-12 H
31,2965,90256,NO 15/9-F-12 H
32,3131,93387,NO 15/9-F-12 H
33,3135,96522,NO 15/9-F-12 H
34,3143,99665,NO 15/9-F-12 H
35,3132,102797,NO 15/9-F-12 H
36,3140,105937,NO 15/9-F-12 H
37,3157,109094,NO 15/9-F-12 H
38,3192,112286,NO 15/9-F-12 H
39,3172,115458,NO 15/9-F-12 H
40,3160,118618,NO 15/9-F-12 H
41,3153,121771,NO 15/9-F-12 H
42,3131,124902,NO 15/9-F-12 H
43,960,125862,NO 15/9-F-12 H
44,0,125862,NO 15/9-F-12 H
45,73,125935,NO 15/9-F-12 H
46,3137,129072,NO 15/9-F-12 H
47,1431,130503,NO 15/9-F-12 H
48,1951,132454,NO 15/9-F-12 H
49,3061,135515,NO 15/9-F-12 H
50,3054,138569,NO 15/9-F-12 H
51,3103,141672,NO 15/9-F-12 H
52,3111,144783,NO 15/9-F-12 H
53,3303,148086,NO 15/9-F-12 H
54,3028,151114,NO 15/9-F-12 H
55,2999,154113,NO 15/9-F-12 H
56,3054,157167,NO 15/9-F-12 H
57,3026,160193,NO 15/9-F-12 H
58,3003,163196,NO 15/9-F-12 H
59,3016,166212,NO 15/9-F-12 H
60,1615,167827,NO 15/9-F-12 H
61,430,168257,NO 15/9-F-12 H
62,2579,170836,NO 15/9-F-12 H
63,2494,173330,NO 15/9-F-12 H
64,2848,176178,NO 15/9-F-12 H
65,1121,177299,NO 15/9-F-12 H
66,2448,179747,NO 15/9-F-12 H
67,2514,182261,NO 15/9-F-12 H
68,2753,185014,NO 15/9-F-12 H
69,2752,187766,NO 15/9-F-12 H
70,2737,190503,NO 15/9-F-12 H
71,2736,193239,NO 15/9-F-12 H
72,2730,195969,NO 15/9-F-12 H
73,2728,198697,NO 15/9-F-12 H
74,2747,201444,NO 15/9-F-12 H
75,1986,203430,NO 15/9-F-12 H
76,1986,205416,NO 15/9-F-12 H
77,547,205963,NO 15/9-F-12 H
78,3012,208975,NO 15/9-F-12 H
79,3168,212143,NO 15/9-F-12 H
80,3164,215307,NO 15/9-F-12 H
81,3173,218480,NO 15/9-F-12 H
82,3189,221669,NO 15/9-F-12 H
83,3187,224856,NO 15/9-F-12 H
84,3177,228033,NO 15/9-F-12 H
85,3171,231204,NO 15/9-F-12 H
86,3171,234375,NO 15/9-F-12 H
87,3188,237563,NO 15/9-F-12 H
88,3416,240979,NO 15/9-F-12 H
89,3702,244681,NO 15/9-F-12 H
90,4002,248683,NO 15/9-F-12 H
91,4253,252936,NO 15/9-F-12 H
92,4280,257216,NO 15/9-F-12 H
93,4440,261656,NO 15/9-F-12 H
94,4583,266239,NO 15/9-F-12 H
95,4677,270916,NO 15/9-F-12 H
96,4689,275605,NO 15/9-F-12 H
97,4688,280293,NO 15/9-F-12 H
98,4886,285179,NO 15/9-F-12 H
99,5013,290192,NO 15/9-F-12 H
100,5018,295210,NO 15/9-F-12 H
101,5019,300229,NO 15/9-F-12 H
102,5034,305263,NO 15/9-F-12 H
103,5046,310309,NO 15/9-F-12 H
104,5053,315362,NO 15/9-F-12 H
105,5066,320428,NO 15/9-F-12 H
106,5072,325500,NO 15/9-F-12 H
107,5086,330586,NO 15/9-F-12 H
108,3869,334455,NO 15/9-F-12 H
109,0,334455,NO 15/9-F-12 H
110,23,334478,NO 15/9-F-12 H
111,4020,338498,NO 15/9-F-12 H
112,5000,343498,NO 15/9-F-12 H
113,5067,348565,NO 15/9-F-12 H
114,5040,353605,NO 15/9-F-12 H
115,5058,358663,NO 15/9-F-12 H
116,5058,363721,NO 15/9-F-12 H
117,5070,368791,NO 15/9-F-12 H
118,5081,373872,NO 15/9-F-12 H
119,5082,378954,NO 15/9-F-12 H
120,5087,384041,NO 15/9-F-12 H
121,5060,389101,NO 15/9-F-12 H
122,5032,394133,NO 15/9-F-12 H
123,4332,398465,NO 15/9-F-12 H
124,5088,403553,NO 15/9-F-12 H
125,5102,408655,NO 15/9-F-12 H
126,5103,413758,NO 15/9-F-12 H
127,5135,418893,NO 15/9-F-12 H
128,5141,424034,NO 15/9-F-12 H
129,4722,428756,NO 15/9-F-12 H
130,5038,433794,NO 15/9-F-12 H
131,5147,438941,NO 15/9-F-12 H
132,5115,444056,NO 15/9-F-12 H
133,5124,449180,NO 15/9-F-12 H
134,5135,454315,NO 15/9-F-12 H
135,4233,458548,NO 15/9-F-12 H
136,5126,463674,NO 15/9-F-12 H
137,5076,468750,NO 15/9-F-12 H
138,5121,473871,NO 15/9-F-12 H
139,4372,478243,NO 15/9-F-12 H
140,3981,482224,NO 15/9-F-12 H
141,5115,487339,NO 15/9-F-12 H
142,5084,492423,NO 15/9-F-12 H
143,5081,497504,NO 15/9-F-12 H
144,5086,502590,NO 15/9-F-12 H
145,5088,507678,NO 15/9-F-12 H
146,5095,512773,NO 15/9-F-12 H
147,5096,517869,NO 15/9-F-12 H
148,5094,522963,NO 15/9-F-12 H
149,4622,527585,NO 15/9-F-12 H
150,2856,530441,NO 15/9-F-12 H
151,687,531128,NO 15/9-F-12 H
152,4169,535297,NO 15/9-F-12 H
153,3819,539116,NO 15/9-F-12 H
154,4305,543421,NO 15/9-F-12 H
155,3527,546948,NO 15/9-F-12 H
156,3342,550290,NO 15/9-F-12 H
157,3216,553506,NO 15/9-F-12 H
158,3176,556682,NO 15/9-F-12 H
159,3186,559868,NO 15/9-F-12 H
160,3183,563051,NO 15/9-F-12 H
161,3167,566218,NO 15/9-F-12 H
162,3149,569367,NO 15/9-F-12 H
163,3149,572516,NO 15/9-F-12 H
164,3163,575679,NO 15/9-F-12 H
165,3145,578824,NO 15/9-F-12 H
166,3177,582001,NO 15/9-F-12 H
167,3143,585144,NO 15/9-F-12 H
168,3346,588490,NO 15/9-F-12 H
169,2434,590924,NO 15/9-F-12 H
170,2317,593241,NO 15/9-F-12 H
171,2976,596217,NO 15/9-F-12 H
172,3032,599249,NO 15/9-F-12 H
173,2993,602242,NO 15/9-F-12 H
174,3093,605335,NO 15/9-F-12 H
175,2999,608334,NO 15/9-F-12 H
176,920,609254,NO 15/9-F-12 H
177,920,610174,NO 15/9-F-12 H
178,808,610982,NO 15/9-F-12 H
179,4060,615042,NO 15/9-F-12 H
180,4349,619391,NO 15/9-F-12 H
181,4412,623803,NO 15/9-F-12 H
182,4418,628221,NO 15/9-F-12 H
183,4449,632670,NO 15/9-F-12 H
184,4354,637024,NO 15/9-F-12 H
185,4499,641523,NO 15/9-F-12 H
186,5479,647002,NO 15/9-F-12 H
187,5444,652446,NO 15/9-F-12 H
188,5374,657820,NO 15/9-F-12 H
189,5315,663135,NO 15/9-F-12 H
190,4981,668116,NO 15/9-F-12 H
191,4450,672566,NO 15/9-F-12 H
192,2050,674616,NO 15/9-F-12 H
193,2059,676675,NO 15/9-F-12 H
194,2080,678755,NO 15/9-F-12 H
195,2090,680845,NO 15/9-F-12 H
196,2093,682938,NO 15/9-F-12 H
197,2084,685022,NO 15/9-F-12 H
198,2087,687109,NO 15/9-F-12 H
199,2190,689299,NO 15/9-F-12 H
200,2059,691358,NO 15/9-F-12 H
201,625,691983,NO 15/9-F-12 H
202,2029,694012,NO 15/9-F-12 H
203,837,694849,NO 15/9-F-12 H
204,0,694849,NO 15/9-F-12 H
205,0,694849,NO 15/9-F-12 H
206,0,694849,NO 15/9-F-12 H
207,761,695610,NO 15/9-F-12 H
208,2173,697783,NO 15/9-F-12 H
209,500,698283,NO 15/9-F-12 H
210,0,698283,NO 15/9-F-12 H
211,1182,699465,NO 15/9-F-12 H
212,4067,703532,NO 15/9-F-12 H
213,3736,707268,NO 15/9-F-12 H
214,4058,711326,NO 15/9-F-12 H
215,4036,715362,NO 15/9-F-12 H
216,4047,719409,NO 15/9-F-12 H
217,4005,723414,NO 15/9-F-12 H
218,3937,727351,NO 15/9-F-12 H
219,2503,729854,NO 15/9-F-12 H
220,2551,732405,NO 15/9-F-12 H
221,3606,736011,NO 15/9-F-12 H
222,2859,738870,NO 15/9-F-12 H
223,2847,741717,NO 15/9-F-12 H
224,3653,745370,NO 15/9-F-12 H
225,3629,748999,NO 15/9-F-12 H
226,3390,752389,NO 15/9-F-12 H
227,3576,755965,NO 15/9-F-12 H
228,3175,759140,NO 15/9-F-12 H
229,3371,762511,NO 15/9-F-12 H
230,3512,766023,NO 15/9-F-12 H
231,3627,769650,NO 15/9-F-12 H
232,3607,773257,NO 15/9-F-12 H
233,3320,776577,NO 15/9-F-12 H
234,3594,780171,NO 15/9-F-12 H
235,2464,782635,NO 15/9-F-12 H
236,3377,786012,NO 15/9-F-12 H
237,2127,788139,NO 15/9-F-12 H
238,2726,790865,NO 15/9-F-12 H
239,2719,793584,NO 15/9-F-12 H
240,2714,796298,NO 15/9-F-12 H
241,2720,799018,NO 15/9-F-12 H
242,2740,801758,NO 15/9-F-12 H
243,2825,804583,NO 15/9-F-12 H
244,2828,807411,NO 15/9-F-12 H
245,2829,810240,NO 15/9-F-12 H
246,2825,813065,NO 15/9-F-12 H
247,2825,815890,NO 15/9-F-12 H
248,2832,818722,NO 15/9-F-12 H
249,2520,821242,NO 15/9-F-12 H
250,2714,823956,NO 15/9-F-12 H
251,2664,826620,NO 15/9-F-12 H
252,2653,829273,NO 15/9-F-12 H
253,3421,832694,NO 15/9-F-12 H
254,3363,836057,NO 15/9-F-12 H
255,3426,839483,NO 15/9-F-12 H
256,3525,843008,NO 15/9-F-12 H
257,3837,846845,NO 15/9-F-12 H
258,3622,850467,NO 15/9-F-12 H
259,3728,854195,NO 15/9-F-12 H
260,2823,857018,NO 15/9-F-12 H
261,3471,860489,NO 15/9-F-12 H
262,3516,864005,NO 15/9-F-12 H
263,2758,866763,NO 15/9-F-12 H
264,4443,871206,NO 15/9-F-12 H
265,4939,876145,NO 15/9-F-12 H
266,5124,881269,NO 15/9-F-12 H
267,5188,886457,NO 15/9-F-12 H
268,5204,891661,NO 15/9-F-12 H
269,5136,896797,NO 15/9-F-12 H
270,5141,901938,NO 15/9-F-12 H
271,5114,907052,NO 15/9-F-12 H
272,5060,912112,NO 15/9-F-12 H
273,5077,917189,NO 15/9-F-12 H
274,5065,922254,NO 15/9-F-12 H
275,5084,927338,NO 15/9-F-12 H
276,5106,932444,NO 15/9-F-12 H
277,5097,937541,NO 15/9-F-12 H
278,5082,942623,NO 15/9-F-12 H
279,5077,947700,NO 15/9-F-12 H
280,5074,952774,NO 15/9-F-12 H
281,5223,957997,NO 15/9-F-12 H
282,5117,963114,NO 15/9-F-12 H
283,3554,966668,NO 15/9-F-12 H
284,5034,971702,NO 15/9-F-12 H
285,4831,976533,NO 15/9-F-12 H
286,4971,981504,NO 15/9-F-12 H
287,5063,986567,NO 15/9-F-12 H
288,5146,991713,NO 15/9-F-12 H
289,5200,996913,NO 15/9-F-12 H
290,2897,999810,NO 15/9-F-12 H
291,4853,1004663,NO 15/9-F-12 H
292,5256,1009919,NO 15/9-F-12 H
293,5095,1015014,NO 15/9-F-12 H
294,5276,1020290,NO 15/9-F-12 H
295,5333,1025623,NO 15/9-F-12 H
296,5435,1031058,NO 15/9-F-12 H
297,5209,1036267,NO 15/9-F-12 H
298,5292,1041559,NO 15/9-F-12 H
299,5323,1046882,NO 15/9-F-12 H
300,5242,1052124,NO 15/9-F-12 H
301,5278,1057402,NO 15/9-F-12 H
302,5286,1062688,NO 15/9-F-12 H
303,5126,1067814,NO 15/9-F-12 H
304,5240,1073054,NO 15/9-F-12 H
305,5282,1078336,NO 15/9-F-12 H
306,5303,1083639,NO 15/9-F-12 H
307,5271,1088910,NO 15/9-F-12 H
308,5301,1094211,NO 15/9-F-12 H
309,5338,1099549,NO 15/9-F-12 H
310,5377,1104926,NO 15/9-F-12 H
311,5387,1110313,NO 15/9-F-12 H
312,5417,1115730,NO 15/9-F-12 H
313,5472,1121202,NO 15/9-F-12 H
314,5497,1126699,NO 15/9-F-12 H
315,5513,1132212,NO 15/9-F-12 H
316,5508,1137720,NO 15/9-F-12 H
317,5491,1143211,NO 15/9-F-12 H
318,5497,1148708,NO 15/9-F-12 H
319,5571,1154279,NO 15/9-F-12 H
320,5496,1159775,NO 15/9-F-12 H
321,5507,1165282,NO 15/9-F-12 H
322,5528,1170810,NO 15/9-F-12 H
323,5547,1176357,NO 15/9-F-12 H
324,5557,1181914,NO 15/9-F-12 H
325,5556,1187470,NO 15/9-F-12 H
326,5727,1193197,NO 15/9-F-12 H
327,5590,1198787,NO 15/9-F-12 H
328,5629,1204416,NO 15/9-F-12 H
329,4672,1209088,NO 15/9-F-12 H
330,5622,1214710,NO 15/9-F-12 H
331,5902,1220612,NO 15/9-F-12 H
332,5644,1226256,NO 15/9-F-12 H
333,5870,1232126,NO 15/9-F-12 H
334,5717,1237843,NO 15/9-F-12 H
335,5458,1243301,NO 15/9-F-12 H
336,5110,1248411,NO 15/9-F-12 H
337,5268,1253679,NO 15/9-F-12 H
338,4526,1258205,NO 15/9-F-12 H
339,4385,1262590,NO 15/9-F-12 H
340,4235,1266825,NO 15/9-F-12 H
341,4352,1271177,NO 15/9-F-12 H
342,4426,1275603,NO 15/9-F-12 H
343,4299,1279902,NO 15/9-F-12 H
344,4124,1284026,NO 15/9-F-12 H
345,4351,1288377,NO 15/9-F-12 H
346,4499,1292876,NO 15/9-F-12 H
347,4473,1297349,NO 15/9-F-12 H
348,4495,1301844,NO 15/9-F-12 H
349,4425,1306269,NO 15/9-F-12 H
350,4425,1310694,NO 15/9-F-12 H
351,4967,1315661,NO 15/9-F-12 H
352,5586,1321247,NO 15/9-F-12 H
353,4398,1325645,NO 15/9-F-12 H
354,4388,1330033,NO 15/9-F-12 H
355,5225,1335258,NO 15/9-F-12 H
356,4402,1339660,NO 15/9-F-12 H
357,4422,1344082,NO 15/9-F-12 H
358,5438,1349520,NO 15/9-F-12 H
359,4488,1354008,NO 15/9-F-12 H
360,4430,1358438,NO 15/9-F-12 H
361,2738,1361176,NO 15/9-F-12 H
362,4189,1365365,NO 15/9-F-12 H
363,4259,1369624,NO 15/9-F-12 H
364,4393,1374017,NO 15/9-F-12 H
365,4431,1378448,NO 15/9-F-12 H
366,4498,1382946,NO 15/9-F-12 H
367,3945,1386891,NO 15/9-F-12 H
368,4331,1391222,NO 15/9-F-12 H
369,4221,1395443,NO 15/9-F-12 H
370,4057,1399500,NO 15/9-F-12 H
371,4479,1403979,NO 15/9-F-12 H
372,4436,1408415,NO 15/9-F-12 H
373,4434,1412849,NO 15/9-F-12 H
374,4440,1417289,NO 15/9-F-12 H
375,3876,1421165,NO 15/9-F-12 H
376,4536,1425701,NO 15/9-F-12 H
377,4498,1430199,NO 15/9-F-12 H
378,4487,1434686,NO 15/9-F-12 H
379,4036,1438722,NO 15/9-F-12 H
380,4422,1443144,NO 15/9-F-12 H
381,4360,1447504,NO 15/9-F-12 H
382,4433,1451937,NO 15/9-F-12 H
383,4449,1456386,NO 15/9-F-12 H
384,4593,1460979,NO 15/9-F-12 H
385,4638,1465617,NO 15/9-F-12 H
386,4474,1470091,NO 15/9-F-12 H
387,2441,1472532,NO 15/9-F-12 H
388,4366,1476898,NO 15/9-F-12 H
389,3361,1480259,NO 15/9-F-12 H
390,4021,1484280,NO 15/9-F-12 H
391,4197,1488477,NO 15/9-F-12 H
392,4693,1493170,NO 15/9-F-12 H
393,5414,1498584,NO 15/9-F-12 H
394,4870,1503454,NO 15/9-F-12 H
395,3677,1507131,NO 15/9-F-12 H
396,0,1507131,NO 15/9-F-12 H
397,614,1507745,NO 15/9-F-12 H
398,1409,1509154,NO 15/9-F-12 H
399,0,1509154,NO 15/9-F-12 H
400,3449,1512603,NO 15/9-F-12 H
401,4322,1516925,NO 15/9-F-12 H
402,4218,1521143,NO 15/9-F-12 H
403,4441,1525584,NO 15/9-F-12 H
404,4438,1530022,NO 15/9-F-12 H
405,4418,1534440,NO 15/9-F-12 H
406,4353,1538793,NO 15/9-F-12 H
407,724,1539517,NO 15/9-F-12 H
408,0,1539517,NO 15/9-F-12 H
409,0,1539517,NO 15/9-F-12 H
410,0,1539517,NO 15/9-F-12 H
411,0,1539517,NO 15/9-F-12 H
412,456,1539973,NO 15/9-F-12 H
413,4922,1544895,NO 15/9-F-12 H
414,5288,1550183,NO 15/9-F-12 H
415,5145,1555328,NO 15/9-F-12 H
416,4734,1560062,NO 15/9-F-12 H
417,4498,1564560,NO 15/9-F-12 H
418,4536,1569096,NO 15/9-F-12 H
419,5545,1574641,NO 15/9-F-12 H
420,5678,1580319,NO 15/9-F-12 H
421,5144,1585463,NO 15/9-F-12 H
422,5238,1590701,NO 15/9-F-12 H
423,5605,1596306,NO 15/9-F-12 H
424,5595,1601901,NO 15/9-F-12 H
425,5378,1607279,NO 15/9-F-12 H
426,4985,1612264,NO 15/9-F-12 H
427,4998,1617262,NO 15/9-F-12 H
428,5317,1622579,NO 15/9-F-12 H
429,5113,1627692,NO 15/9-F-12 H
430,4839,1632531,NO 15/9-F-12 H
431,5271,1637802,NO 15/9-F-12 H
432,5614,1643416,NO 15/9-F-12 H
433,4906,1648322,NO 15/9-F-12 H
434,4845,1653167,NO 15/9-F-12 H
435,4018,1657185,NO 15/9-F-12 H
436,4753,1661938,NO 15/9-F-12 H
437,4790,1666728,NO 15/9-F-12 H
438,4814,1671542,NO 15/9-F-12 H
439,4856,1676398,NO 15/9-F-12 H
440,4871,1681269,NO 15/9-F-12 H
441,4883,1686152,NO 15/9-F-12 H
442,4842,1690994,NO 15/9-F-12 H
443,4860,1695854,NO 15/9-F-12 H
444,4861,1700715,NO 15/9-F-12 H
445,4814,1705529,NO 15/9-F-12 H
446,4813,1710342,NO 15/9-F-12 H
447,439,1710781,NO 15/9-F-12 H
448,439,1711220,NO 15/9-F-12 H
449,3552,1714772,NO 15/9-F-12 H
450,4447,1719219,NO 15/9-F-12 H
451,4815,1724034,NO 15/9-F-12 H
452,4806,1728840,NO 15/9-F-12 H
453,4893,1733733,NO 15/9-F-12 H
454,4811,1738544,NO 15/9-F-12 H
455,4771,1743315,NO 15/9-F-12 H
456,4685,1748000,NO 15/9-F-12 H
457,4712,1752712,NO 15/9-F-12 H
458,4734,1757446,NO 15/9-F-12 H
459,4741,1762187,NO 15/9-F-12 H
460,4745,1766932,NO 15/9-F-12 H
461,5227,1772159,NO 15/9-F-12 H
462,5013,1777172,NO 15/9-F-12 H
463,5011,1782183,NO 15/9-F-12 H
464,5031,1787214,NO 15/9-F-12 H
465,5037,1792251,NO 15/9-F-12 H
466,4796,1797047,NO 15/9-F-12 H
467,4764,1801811,NO 15/9-F-12 H
468,4851,1806662,NO 15/9-F-12 H
469,4912,1811574,NO 15/9-F-12 H
470,4926,1816500,NO 15/9-F-12 H
471,4940,1821440,NO 15/9-F-12 H
472,5097,1826537,NO 15/9-F-12 H
473,5407,1831944,NO 15/9-F-12 H
474,5390,1837334,NO 15/9-F-12 H
475,5469,1842803,NO 15/9-F-12 H
476,5498,1848301,NO 15/9-F-12 H
477,5889,1854190,NO 15/9-F-12 H
478,5509,1859699,NO 15/9-F-12 H
479,5521,1865220,NO 15/9-F-12 H
480,3892,1869112,NO 15/9-F-12 H
481,5265,1874377,NO 15/9-F-12 H
482,5422,1879799,NO 15/9-F-12 H
483,5357,1885156,NO 15/9-F-12 H
484,5347,1890503,NO 15/9-F-12 H
485,4218,1894721,NO 15/9-F-12 H
486,4995,1899716,NO 15/9-F-12 H
487,4132,1903848,NO 15/9-F-12 H
488,4669,1908517,NO 15/9-F-12 H
489,4995,1913512,NO 15/9-F-12 H
490,5263,1918775,NO 15/9-F-12 H
491,5081,1923856,NO 15/9-F-12 H
492,5038,1928894,NO 15/9-F-12 H
493,5054,1933948,NO 15/9-F-12 H
494,5123,1939071,NO 15/9-F-12 H
495,3422,1942493,NO 15/9-F-12 H
496,3345,1945838,NO 15/9-F-12 H
497,3394,1949232,NO 15/9-F-12 H
498,3400,1952632,NO 15/9-F-12 H
499,3234,1955866,NO 15/9-F-12 H
500,2864,1958730,NO 15/9-F-12 H
501,2727,1961457,NO 15/9-F-12 H
502,2724,1964181,NO 15/9-F-12 H
503,2794,1966975,NO 15/9-F-12 H
504,2789,1969764,NO 15/9-F-12 H
505,2775,1972539,NO 15/9-F-12 H
506,2766,1975305,NO 15/9-F-12 H
507,2762,1978067,NO 15/9-F-12 H
508,2747,1980814,NO 15/9-F-12 H
509,2746,1983560,NO 15/9-F-12 H
510,3415,1986975,NO 15/9-F-12 H
511,3404,1990379,NO 15/9-F-12 H
512,3501,1993880,NO 15/9-F-12 H
513,3500,1997380,NO 15/9-F-12 H
514,3486,2000866,NO 15/9-F-12 H
515,3514,2004380,NO 15/9-F-12 H
516,3523,2007903,NO 15/9-F-12 H
517,3564,2011467,NO 15/9-F-12 H
518,3514,2014981,NO 15/9-F-12 H
519,3451,2018432,NO 15/9-F-12 H
520,3446,2021878,NO 15/9-F-12 H
521,3450,2025328,NO 15/9-F-12 H
522,3396,2028724,NO 15/9-F-12 H
523,2808,2031532,NO 15/9-F-12 H
524,3444,2034976,NO 15/9-F-12 H
525,3714,2038690,NO 15/9-F-12 H
526,3721,2042411,NO 15/9-F-12 H
527,3682,2046093,NO 15/9-F-12 H
528,3689,2049782,NO 15/9-F-12 H
529,3737,2053519,NO 15/9-F-12 H
530,3719,2057238,NO 15/9-F-12 H
531,3704,2060942,NO 15/9-F-12 H
532,3734,2064676,NO 15/9-F-12 H
533,3742,2068418,NO 15/9-F-12 H
534,3755,2072173,NO 15/9-F-12 H
535,3693,2075866,NO 15/9-F-12 H
536,3691,2079557,NO 15/9-F-12 H
537,1632,2081189,NO 15/9-F-12 H
538,1632,2082821,NO 15/9-F-12 H
539,12,2082833,NO 15/9-F-12 H
540,4407,2087240,NO 15/9-F-12 H
541,4663,2091903,NO 15/9-F-12 H
542,4361,2096264,NO 15/9-F-12 H
543,2424,2098688,NO 15/9-F-12 H
544,4367,2103055,NO 15/9-F-12 H
545,4438,2107493,NO 15/9-F-12 H
546,4446,2111939,NO 15/9-F-12 H
547,4594,2116533,NO 15/9-F-12 H
548,4549,2121082,NO 15/9-F-12 H
549,4639,2125721,NO 15/9-F-12 H
550,4722,2130443,NO 15/9-F-12 H
551,4767,2135210,NO 15/9-F-12 H
552,4783,2139993,NO 15/9-F-12 H
553,4779,2144772,NO 15/9-F-12 H
554,4795,2149567,NO 15/9-F-12 H
555,4801,2154368,NO 15/9-F-12 H
556,4794,2159162,NO 15/9-F-12 H
557,4795,2163957,NO 15/9-F-12 H
558,4788,2168745,NO 15/9-F-12 H
559,4817,2173562,NO 15/9-F-12 H
560,4951,2178513,NO 15/9-F-12 H
561,2666,2181179,NO 15/9-F-12 H
562,3734,2184913,NO 15/9-F-12 H
563,4690,2189603,NO 15/9-F-12 H
564,308,2189911,NO 15/9-F-12 H
565,0,2189911,NO 15/9-F-12 H
566,0,2189911,NO 15/9-F-12 H
567,0,2189911,NO 15/9-F-12 H
568,0,2189911,NO 15/9-F-12 H
569,0,2189911,NO 15/9-F-12 H
570,0,2189911,NO 15/9-F-12 H
571,1279,2191190,NO 15/9-F-12 H
572,2441,2193631,NO 15/9-F-12 H
573,5054,2198685,NO 15/9-F-12 H
574,4574,2203259,NO 15/9-F-12 H
575,4355,2207614,NO 15/9-F-12 H
576,4341,2211955,NO 15/9-F-12 H
577,4393,2216348,NO 15/9-F-12 H
578,4477,2220825,NO 15/9-F-12 H
579,4490,2225315,NO 15/9-F-12 H
580,4464,2229779,NO 15/9-F-12 H
581,4526,2234305,NO 15/9-F-12 H
582,4512,2238817,NO 15/9-F-12 H
583,4465,2243282,NO 15/9-F-12 H
584,4492,2247774,NO 15/9-F-12 H
585,4154,2251928,NO 15/9-F-12 H
586,3306,2255234,NO 15/9-F-12 H
587,4207,2259441,NO 15/9-F-12 H
588,4199,2263640,NO 15/9-F-12 H
589,4323,2267963,NO 15/9-F-12 H
590,4685,2272648,NO 15/9-F-12 H
591,5058,2277706,NO 15/9-F-12 H
592,2273,2279979,NO 15/9-F-12 H
593,32,2280011,NO 15/9-F-12 H
594,0,2280011,NO 15/9-F-12 H
595,0,2280011,NO 15/9-F-12 H
596,0,2280011,NO 15/9-F-12 H
597,3566,2283577,NO 15/9-F-12 H
598,4883,2288460,NO 15/9-F-12 H
599,5038,2293498,NO 15/9-F-12 H
600,5033,2298531,NO 15/9-F-12 H
601,5073,2303604,NO 15/9-F-12 H
602,4327,2307931,NO 15/9-F-12 H
603,4616,2312547,NO 15/9-F-12 H
604,4545,2317092,NO 15/9-F-12 H
605,4421,2321513,NO 15/9-F-12 H
606,4441,2325954,NO 15/9-F-12 H
607,4426,2330380,NO 15/9-F-12 H
608,4454,2334834,NO 15/9-F-12 H
609,3766,2338600,NO 15/9-F-12 H
610,4258,2342858,NO 15/9-F-12 H
611,3551,2346409,NO 15/9-F-12 H
612,4729,2351138,NO 15/9-F-12 H
613,1377,2352515,NO 15/9-F-12 H
614,4119,2356634,NO 15/9-F-12 H
615,4335,2360969,NO 15/9-F-12 H
616,4339,2365308,NO 15/9-F-12 H
617,4333,2369641,NO 15/9-F-12 H
618,4324,2373965,NO 15/9-F-12 H
619,1587,2375552,NO 15/9-F-12 H
620,167,2375719,NO 15/9-F-12 H
621,4190,2379909,NO 15/9-F-12 H
622,4307,2384216,NO 15/9-F-12 H
623,4313,2388529,NO 15/9-F-12 H
624,4348,2392877,NO 15/9-F-12 H
625,4275,2397152,NO 15/9-F-12 H
626,4958,2402110,NO 15/9-F-12 H
627,4841,2406951,NO 15/9-F-12 H
628,4852,2411803,NO 15/9-F-12 H
629,4829,2416632,NO 15/9-F-12 H
630,4817,2421449,NO 15/9-F-12 H
631,3154,2424603,NO 15/9-F-12 H
632,4435,2429038,NO 15/9-F-12 H
633,4404,2433442,NO 15/9-F-12 H
634,4448,2437890,NO 15/9-F-12 H
635,4471,2442361,NO 15/9-F-12 H
636,4090,2446451,NO 15/9-F-12 H
637,4245,2450696,NO 15/9-F-12 H
638,4402,2455098,NO 15/9-F-12 H
639,4409,2459507,NO 15/9-F-12 H
640,4379,2463886,NO 15/9-F-12 H
641,4413,2468299,NO 15/9-F-12 H
642,4447,2472746,NO 15/9-F-12 H
643,4517,2477263,NO 15/9-F-12 H
644,4725,2481988,NO 15/9-F-12 H
645,4875,2486863,NO 15/9-F-12 H
646,4842,2491705,NO 15/9-F-12 H
647,4005,2495710,NO 15/9-F-12 H
648,4847,2500557,NO 15/9-F-12 H
649,4841,2505398,NO 15/9-F-12 H
650,3930,2509328,NO 15/9-F-12 H
651,4127,2513455,NO 15/9-F-12 H
652,4837,2518292,NO 15/9-F-12 H
653,4881,2523173,NO 15/9-F-12 H
654,4865,2528038,NO 15/9-F-12 H
655,4855,2532893,NO 15/9-F-12 H
656,5013,2537906,NO 15/9-F-12 H
657,5062,2542968,NO 15/9-F-12 H
658,5031,2547999,NO 15/9-F-12 H
659,5048,2553047,NO 15/9-F-12 H
660,5044,2558091,NO 15/9-F-12 H
661,5485,2563576,NO 15/9-F-12 H
662,5190,2568766,NO 15/9-F-12 H
663,5303,2574069,NO 15/9-F-12 H
664,5468,2579537,NO 15/9-F-12 H
665,5604,2585141,NO 15/9-F-12 H
666,5601,2590742,NO 15/9-F-12 H
667,5549,2596291,NO 15/9-F-12 H
668,5480,2601771,NO 15/9-F-12 H
669,5465,2607236,NO 15/9-F-12 H
670,5050,2612286,NO 15/9-F-12 H
671,5381,2617667,NO 15/9-F-12 H
672,5367,2623034,NO 15/9-F-12 H
673,5358,2628392,NO 15/9-F-12 H
674,5018,2633410,NO 15/9-F-12 H
675,2517,2635927,NO 15/9-F-12 H
676,3378,2639305,NO 15/9-F-12 H
677,4229,2643534,NO 15/9-F-12 H
678,5347,2648881,NO 15/9-F-12 H
679,5356,2654237,NO 15/9-F-12 H
680,5154,2659391,NO 15/9-F-12 H
681,5064,2664455,NO 15/9-F-12 H
682,5165,2669620,NO 15/9-F-12 H
683,5149,2674769,NO 15/9-F-12 H
684,5099,2679868,NO 15/9-F-12 H
685,5298,2685166,NO 15/9-F-12 H
686,5281,2690447,NO 15/9-F-12 H
687,5280,2695727,NO 15/9-F-12 H
688,5243,2700970,NO 15/9-F-12 H
689,5262,2706232,NO 15/9-F-12 H
690,5256,2711488,NO 15/9-F-12 H
691,5228,2716716,NO 15/9-F-12 H
692,5199,2721915,NO 15/9-F-12 H
693,5206,2727121,NO 15/9-F-12 H
694,5200,2732321,NO 15/9-F-12 H
695,5190,2737511,NO 15/9-F-12 H
696,5186,2742697,NO 15/9-F-12 H
697,4035,2746732,NO 15/9-F-12 H
698,5141,2751873,NO 15/9-F-12 H
699,5158,2757031,NO 15/9-F-12 H
700,5161,2762192,NO 15/9-F-12 H
701,5136,2767328,NO 15/9-F-12 H
702,5092,2772420,NO 15/9-F-12 H
703,5034,2777454,NO 15/9-F-12 H
704,4979,2782433,NO 15/9-F-12 H
705,4906,2787339,NO 15/9-F-12 H
706,4689,2792028,NO 15/9-F-12 H
707,4647,2796675,NO 15/9-F-12 H
708,4628,2801303,NO 15/9-F-12 H
709,4587,2805890,NO 15/9-F-12 H
710,4563,2810453,NO 15/9-F-12 H
711,4011,2814464,NO 15/9-F-12 H
712,4441,2818905,NO 15/9-F-12 H
713,4597,2823502,NO 15/9-F-12 H
714,3954,2827456,NO 15/9-F-12 H
715,4420,2831876,NO 15/9-F-12 H
716,4626,2836502,NO 15/9-F-12 H
717,4706,2841208,NO 15/9-F-12 H
718,4720,2845928,NO 15/9-F-12 H
719,4702,2850630,NO 15/9-F-12 H
720,4673,2855303,NO 15/9-F-12 H
721,4545,2859848,NO 15/9-F-12 H
722,4285,2864133,NO 15/9-F-12 H
723,4111,2868244,NO 15/9-F-12 H
724,4257,2872501,NO 15/9-F-12 H
725,4234,2876735,NO 15/9-F-12 H
726,4140,2880875,NO 15/9-F-12 H
727,4327,2885202,NO 15/9-F-12 H
728,4301,2889503,NO 15/9-F-12 H
729,4249,2893752,NO 15/9-F-12 H
730,4106,2897858,NO 15/9-F-12 H
731,3816,2901674,NO 15/9-F-12 H
732,3737,2905411,NO 15/9-F-12 H
733,2111,2907522,NO 15/9-F-12 H
734,2059,2909581,NO 15/9-F-12 H
735,4108,2913689,NO 15/9-F-12 H
736,4040,2917729,NO 15/9-F-12 H
737,3211,2920940,NO 15/9-F-12 H
738,4027,2924967,NO 15/9-F-12 H
739,3946,2928913,NO 15/9-F-12 H
740,4037,2932950,NO 15/9-F-12 H
741,3994,2936944,NO 15/9-F-12 H
742,3461,2940405,NO 15/9-F-12 H
743,3991,2944396,NO 15/9-F-12 H
744,3288,2947684,NO 15/9-F-12 H
745,2861,2950545,NO 15/9-F-12 H
746,3108,2953653,NO 15/9-F-12 H
747,3108,2956761,NO 15/9-F-12 H
748,3108,2959869,NO 15/9-F-12 H
749,0,2959869,NO 15/9-F-12 H
750,3466,2963335,NO 15/9-F-12 H
751,4145,2967480,NO 15/9-F-12 H
752,4026,2971506,NO 15/9-F-12 H
753,3445,2974951,NO 15/9-F-12 H
754,3445,2978396,NO 15/9-F-12 H
755,2406,2980802,NO 15/9-F-12 H
756,4345,2985147,NO 15/9-F-12 H
757,4259,2989406,NO 15/9-F-12 H
758,3501,2992907,NO 15/9-F-12 H
759,2541,2995448,NO 15/9-F-12 H
760,3716,2999164,NO 15/9-F-12 H
761,3802,3002966,NO 15/9-F-12 H
762,3861,3006827,NO 15/9-F-12 H
763,3718,3010545,NO 15/9-F-12 H
764,3831,3014376,NO 15/9-F-12 H
765,3927,3018303,NO 15/9-F-12 H
766,3887,3022190,NO 15/9-F-12 H
767,3848,3026038,NO 15/9-F-12 H
768,3828,3029866,NO 15/9-F-12 H
769,3454,3033320,NO 15/9-F-12 H
770,3413,3036733,NO 15/9-F-12 H
771,3406,3040139,NO 15/9-F-12 H
772,3426,3043565,NO 15/9-F-12 H
773,3525,3047090,NO 15/9-F-12 H
774,3588,3050678,NO 15/9-F-12 H
775,3511,3054189,NO 15/9-F-12 H
776,3740,3057929,NO 15/9-F-12 H
777,3474,3061403,NO 15/9-F-12 H
778,3485,3064888,NO 15/9-F-12 H
779,787,3065675,NO 15/9-F-12 H
780,3408,3069083,NO 15/9-F-12 H
781,3187,3072270,NO 15/9-F-12 H
782,3495,3075765,NO 15/9-F-12 H
783,3429,3079194,NO 15/9-F-12 H
784,3342,3082536,NO 15/9-F-12 H
785,3330,3085866,NO 15/9-F-12 H
786,3198,3089064,NO 15/9-F-12 H
787,3170,3092234,NO 15/9-F-12 H
788,3148,3095382,NO 15/9-F-12 H
789,3124,3098506,NO 15/9-F-12 H
790,3108,3101614,NO 15/9-F-12 H
791,3100,3104714,NO 15/9-F-12 H
792,3215,3107929,NO 15/9-F-12 H
793,3220,3111149,NO 15/9-F-12 H
794,3259,3114408,NO 15/9-F-12 H
795,2865,3117273,NO 15/9-F-12 H
796,3151,3120424,NO 15/9-F-12 H
797,3191,3123615,NO 15/9-F-12 H
798,3404,3127019,NO 15/9-F-12 H
799,2969,3129988,NO 15/9-F-12 H
800,2950,3132938,NO 15/9-F-12 H
801,2903,3135841,NO 15/9-F-12 H
802,2516,3138357,NO 15/9-F-12 H
803,2154,3140511,NO 15/9-F-12 H
804,1635,3142146,NO 15/9-F-12 H
805,2508,3144654,NO 15/9-F-12 H
806,1793,3146447,NO 15/9-F-12 H
807,2119,3148566,NO 15/9-F-12 H
808,2574,3151140,NO 15/9-F-12 H
809,2588,3153728,NO 15/9-F-12 H
810,2641,3156369,NO 15/9-F-12 H
811,2659,3159028,NO 15/9-F-12 H
812,1523,3160551,NO 15/9-F-12 H
813,2574,3163125,NO 15/9-F-12 H
814,2531,3165656,NO 15/9-F-12 H
815,2494,3168150,NO 15/9-F-12 H
816,2482,3170632,NO 15/9-F-12 H
817,2475,3173107,NO 15/9-F-12 H
818,2766,3175873,NO 15/9-F-12 H
819,2749,3178622,NO 15/9-F-12 H
820,2712,3181334,NO 15/9-F-12 H
821,2666,3184000,NO 15/9-F-12 H
822,2702,3186702,NO 15/9-F-12 H
823,2697,3189399,NO 15/9-F-12 H
824,2685,3192084,NO 15/9-F-12 H
825,2670,3194754,NO 15/9-F-12 H
826,2640,3197394,NO 15/9-F-12 H
827,2574,3199968,NO 15/9-F-12 H
828,2549,3202517,NO 15/9-F-12 H
829,2521,3205038,NO 15/9-F-12 H
830,2504,3207542,NO 15/9-F-12 H
831,2500,3210042,NO 15/9-F-12 H
832,2496,3212538,NO 15/9-F-12 H
833,2483,3215021,NO 15/9-F-12 H
834,2476,3217497,NO 15/9-F-12 H
835,2421,3219918,NO 15/9-F-12 H
836,2013,3221931,NO 15/9-F-12 H
837,2456,3224387,NO 15/9-F-12 H
838,2346,3226733,NO 15/9-F-12 H
839,1522,3228255,NO 15/9-F-12 H
840,1812,3230067,NO 15/9-F-12 H
841,2421,3232488,NO 15/9-F-12 H
842,2404,3234892,NO 15/9-F-12 H
843,2385,3237277,NO 15/9-F-12 H
844,2350,3239627,NO 15/9-F-12 H
845,2344,3241971,NO 15/9-F-12 H
846,2381,3244352,NO 15/9-F-12 H
847,2385,3246737,NO 15/9-F-12 H
848,2382,3249119,NO 15/9-F-12 H
849,2378,3251497,NO 15/9-F-12 H
850,2421,3253918,NO 15/9-F-12 H
851,2408,3256326,NO 15/9-F-12 H
852,2434,3258760,NO 15/9-F-12 H
853,2392,3261152,NO 15/9-F-12 H
854,2384,3263536,NO 15/9-F-12 H
855,2353,3265889,NO 15/9-F-12 H
856,2378,3268267,NO 15/9-F-12 H
857,2370,3270637,NO 15/9-F-12 H
858,1945,3272582,NO 15/9-F-12 H
859,2343,3274925,NO 15/9-F-12 H
860,2348,3277273,NO 15/9-F-12 H
861,2329,3279602,NO 15/9-F-12 H
862,2314,3281916,NO 15/9-F-12 H
863,2313,3284229,NO 15/9-F-12 H
864,2284,3286513,NO 15/9-F-12 H
865,2282,3288795,NO 15/9-F-12 H
866,2278,3291073,NO 15/9-F-12 H
867,2272,3293345,NO 15/9-F-12 H
868,2267,3295612,NO 15/9-F-12 H
869,2263,3297875,NO 15/9-F-12 H
870,2255,3300130,NO 15/9-F-12 H
871,2257,3302387,NO 15/9-F-12 H
872,2575,3304962,NO 15/9-F-12 H
873,2607,3307569,NO 15/9-F-12 H
874,2618,3310187,NO 15/9-F-12 H
875,2626,3312813,NO 15/9-F-12 H
876,2545,3315358,NO 15/9-F-12 H
877,2553,3317911,NO 15/9-F-12 H
878,2555,3320466,NO 15/9-F-12 H
879,1939,3322405,NO 15/9-F-12 H
880,2424,3324829,NO 15/9-F-12 H
881,2270,3327099,NO 15/9-F-12 H
882,1826,3328925,NO 15/9-F-12 H
883,1828,3330753,NO 15/9-F-12 H
884,1826,3332579,NO 15/9-F-12 H
885,1823,3334402,NO 15/9-F-12 H
886,1815,3336217,NO 15/9-F-12 H
887,1807,3338024,NO 15/9-F-12 H
888,1802,3339826,NO 15/9-F-12 H
889,1802,3341628,NO 15/9-F-12 H
890,1793,3343421,NO 15/9-F-12 H
891,1784,3345205,NO 15/9-F-12 H
892,1863,3347068,NO 15/9-F-12 H
893,1865,3348933,NO 15/9-F-12 H
894,1865,3350798,NO 15/9-F-12 H
895,1857,3352655,NO 15/9-F-12 H
896,1860,3354515,NO 15/9-F-12 H
897,1857,3356372,NO 15/9-F-12 H
898,1854,3358226,NO 15/9-F-12 H
899,1846,3360072,NO 15/9-F-12 H
900,1843,3361915,NO 15/9-F-12 H
901,1840,3363755,NO 15/9-F-12 H
902,1846,3365601,NO 15/9-F-12 H
903,1843,3367444,NO 15/9-F-12 H
904,1841,3369285,NO 15/9-F-12 H
905,1572,3370857,NO 15/9-F-12 H
906,1796,3372653,NO 15/9-F-12 H
907,1498,3374151,NO 15/9-F-12 H
908,1801,3375952,NO 15/9-F-12 H
909,1813,3377765,NO 15/9-F-12 H
910,1820,3379585,NO 15/9-F-12 H
911,1821,3381406,NO 15/9-F-12 H
912,1819,3383225,NO 15/9-F-12 H
913,1820,3385045,NO 15/9-F-12 H
914,1821,3386866,NO 15/9-F-12 H
915,1729,3388595,NO 15/9-F-12 H
916,1729,3390324,NO 15/9-F-12 H
917,0,3390324,NO 15/9-F-12 H
918,0,3390324,NO 15/9-F-12 H
919,0,3390324,NO 15/9-F-12 H
920,0,3390324,NO 15/9-F-12 H
921,0,3390324,NO 15/9-F-12 H
922,0,3390324,NO 15/9-F-12 H
923,0,3390324,NO 15/9-F-12 H
924,0,3390324,NO 15/9-F-12 H
925,0,3390324,NO 15/9-F-12 H
926,0,3390324,NO 15/9-F-12 H
927,0,3390324,NO 15/9-F-12 H
928,0,3390324,NO 15/9-F-12 H
929,1070,3391394,NO 15/9-F-12 H
930,1242,3392636,NO 15/9-F-12 H
931,1126,3393762,NO 15/9-F-12 H
932,983,3394745,NO 15/9-F-12 H
933,1940,3396685,NO 15/9-F-12 H
934,2007,3398692,NO 15/9-F-12 H
935,2081,3400773,NO 15/9-F-12 H
936,2071,3402844,NO 15/9-F-12 H
937,2041,3404885,NO 15/9-F-12 H
938,2037,3406922,NO 15/9-F-12 H
939,2016,3408938,NO 15/9-F-12 H
940,2000,3410938,NO 15/9-F-12 H
941,1894,3412832,NO 15/9-F-12 H
942,1908,3414740,NO 15/9-F-12 H
943,2023,3416763,NO 15/9-F-12 H
944,1969,3418732,NO 15/9-F-12 H
945,2039,3420771,NO 15/9-F-12 H
946,2055,3422826,NO 15/9-F-12 H
947,2047,3424873,NO 15/9-F-12 H
948,2048,3426921,NO 15/9-F-12 H
949,1452,3428373,NO 15/9-F-12 H
950,1870,3430243,NO 15/9-F-12 H
951,1456,3431699,NO 15/9-F-12 H
952,172,3431871,NO 15/9-F-12 H
953,595,3432466,NO 15/9-F-12 H
954,0,3432466,NO 15/9-F-12 H
955,1828,3434294,NO 15/9-F-12 H
956,2119,3436413,NO 15/9-F-12 H
957,1959,3438372,NO 15/9-F-12 H
958,2083,3440455,NO 15/9-F-12 H
959,2049,3442504,NO 15/9-F-12 H
960,2023,3444527,NO 15/9-F-12 H
961,545,3445072,NO 15/9-F-12 H
962,1549,3446621,NO 15/9-F-12 H
963,1975,3448596,NO 15/9-F-12 H
964,1895,3450491,NO 15/9-F-12 H
965,1400,3451891,NO 15/9-F-12 H
966,1146,3453037,NO 15/9-F-12 H
967,1836,3454873,NO 15/9-F-12 H
968,1847,3456720,NO 15/9-F-12 H
969,876,3457596,NO 15/9-F-12 H
970,1791,3459387,NO 15/9-F-12 H
971,1778,3461165,NO 15/9-F-12 H
972,1765,3462930,NO 15/9-F-12 H
973,1759,3464689,NO 15/9-F-12 H
974,1760,3466449,NO 15/9-F-12 H
975,1741,3468190,NO 15/9-F-12 H
976,1733,3469923,NO 15/9-F-12 H
977,1727,3471650,NO 15/9-F-12 H
978,1716,3473366,NO 15/9-F-12 H
979,1707,3475073,NO 15/9-F-12 H
980,1695,3476768,NO 15/9-F-12 H
981,1685,3478453,NO 15/9-F-12 H
982,1680,3480133,NO 15/9-F-12 H
983,1662,3481795,NO 15/9-F-12 H
984,1665,3483460,NO 15/9-F-12 H
985,1665,3485125,NO 15/9-F-12 H
986,1647,3486772,NO 15/9-F-12 H
987,1620,3488392,NO 15/9-F-12 H
988,1611,3490003,NO 15/9-F-12 H
989,1612,3491615,NO 15/9-F-12 H
990,1604,3493219,NO 15/9-F-12 H
991,1606,3494825,NO 15/9-F-12 H
992,1678,3496503,NO 15/9-F-12 H
993,1597,3498100,NO 15/9-F-12 H
994,1582,3499682,NO 15/9-F-12 H
995,1577,3501259,NO 15/9-F-12 H
996,1570,3502829,NO 15/9-F-12 H
997,1547,3504376,NO 15/9-F-12 H
998,1540,3505916,NO 15/9-F-12 H
999,1534,3507450,NO 15/9-F-12 H
1000,1283,3508733,NO 15/9-F-12 H
1001,1592,3510325,NO 15/9-F-12 H
1002,1495,3511820,NO 15/9-F-12 H
1003,1543,3513363,NO 15/9-F-12 H
1004,1533,3514896,NO 15/9-F-12 H
1005,1529,3516425,NO 15/9-F-12 H
1006,1508,3517933,NO 15/9-F-12 H
1007,156,3518089,NO 15/9-F-12 H
1008,1074,3519163,NO 15/9-F-12 H
1009,1239,3520402,NO 15/9-F-12 H
1010,1475,3521877,NO 15/9-F-12 H
1011,1538,3523415,NO 15/9-F-12 H
1012,1531,3524946,NO 15/9-F-12 H
1013,1543,3526489,NO 15/9-F-12 H
1014,1596,3528085,NO 15/9-F-12 H
1015,1612,3529697,NO 15/9-F-12 H
1016,1614,3531311,NO 15/9-F-12 H
1017,1610,3532921,NO 15/9-F-12 H
1018,1613,3534534,NO 15/9-F-12 H
1019,1612,3536146,NO 15/9-F-12 H
1020,1614,3537760,NO 15/9-F-12 H
1021,1586,3539346,NO 15/9-F-12 H
1022,1626,3540972,NO 15/9-F-12 H
1023,1610,3542582,NO 15/9-F-12 H
1024,1590,3544172,NO 15/9-F-12 H
1025,1586,3545758,NO 15/9-F-12 H
1026,1579,3547337,NO 15/9-F-12 H
1027,1551,3548888,NO 15/9-F-12 H
1028,1491,3550379,NO 15/9-F-12 H
1029,1474,3551853,NO 15/9-F-12 H
1030,1472,3553325,NO 15/9-F-12 H
1031,1201,3554526,NO 15/9-F-12 H
1032,1471,3555997,NO 15/9-F-12 H
1033,1471,3557468,NO 15/9-F-12 H
1034,1477,3558945,NO 15/9-F-12 H
1035,1467,3560412,NO 15/9-F-12 H
1036,1483,3561895,NO 15/9-F-12 H
1037,1454,3563349,NO 15/9-F-12 H
1038,1445,3564794,NO 15/9-F-12 H
1039,1441,3566235,NO 15/9-F-12 H
1040,1442,3567677,NO 15/9-F-12 H
1041,1435,3569112,NO 15/9-F-12 H
1042,1440,3570552,NO 15/9-F-12 H
1043,1451,3572003,NO 15/9-F-12 H
1044,1457,3573460,NO 15/9-F-12 H
1045,1494,3574954,NO 15/9-F-12 H
1046,1479,3576433,NO 15/9-F-12 H
1047,1465,3577898,NO 15/9-F-12 H
1048,1455,3579353,NO 15/9-F-12 H
1049,1448,3580801,NO 15/9-F-12 H
1050,1174,3581975,NO 15/9-F-12 H
1051,1365,3583340,NO 15/9-F-12 H
1052,1433,3584773,NO 15/9-F-12 H
1053,1417,3586190,NO 15/9-F-12 H
1054,1401,3587591,NO 15/9-F-12 H
1055,1445,3589036,NO 15/9-F-12 H
1056,1468,3590504,NO 15/9-F-12 H
1057,1496,3592000,NO 15/9-F-12 H
1058,1490,3593490,NO 15/9-F-12 H
1059,1489,3594979,NO 15/9-F-12 H
1060,1494,3596473,NO 15/9-F-12 H
1061,1494,3597967,NO 15/9-F-12 H
1062,1494,3599461,NO 15/9-F-12 H
1063,1471,3600932,NO 15/9-F-12 H
1064,1459,3602391,NO 15/9-F-12 H
1065,1486,3603877,NO 15/9-F-12 H
1066,1535,3605412,NO 15/9-F-12 H
1067,1510,3606922,NO 15/9-F-12 H
1068,1508,3608430,NO 15/9-F-12 H
1069,1507,3609937,NO 15/9-F-12 H
1070,1442,3611379,NO 15/9-F-12 H
1071,1435,3612814,NO 15/9-F-12 H
1072,1430,3614244,NO 15/9-F-12 H
1073,1403,3615647,NO 15/9-F-12 H
1074,1416,3617063,NO 15/9-F-12 H
1075,1400,3618463,NO 15/9-F-12 H
1076,1391,3619854,NO 15/9-F-12 H
1077,1393,3621247,NO 15/9-F-12 H
1078,1377,3622624,NO 15/9-F-12 H
1079,1379,3624003,NO 15/9-F-12 H
1080,1376,3625379,NO 15/9-F-12 H
1081,1379,3626758,NO 15/9-F-12 H
1082,1400,3628158,NO 15/9-F-12 H
1083,1400,3629558,NO 15/9-F-12 H
1084,1380,3630938,NO 15/9-F-12 H
1085,806,3631744,NO 15/9-F-12 H
1086,806,3632550,NO 15/9-F-12 H
1087,806,3633356,NO 15/9-F-12 H
1088,806,3634162,NO 15/9-F-12 H
1089,530,3634692,NO 15/9-F-12 H
1090,1235,3635927,NO 15/9-F-12 H
1091,1411,3637338,NO 15/9-F-12 H
1092,1382,3638720,NO 15/9-F-12 H
1093,1387,3640107,NO 15/9-F-12 H
1094,1408,3641515,NO 15/9-F-12 H
1095,1417,3642932,NO 15/9-F-12 H
1096,1410,3644342,NO 15/9-F-12 H
1097,1033,3645375,NO 15/9-F-12 H
1098,445,3645820,NO 15/9-F-12 H
1099,836,3646656,NO 15/9-F-12 H
1100,1425,3648081,NO 15/9-F-12 H
1101,1292,3649373,NO 15/9-F-12 H
1102,1279,3650652,NO 15/9-F-12 H
1103,1262,3651914,NO 15/9-F-12 H
1104,1263,3653177,NO 15/9-F-12 H
1105,1263,3654440,NO 15/9-F-12 H
1106,1190,3655630,NO 15/9-F-12 H
1107,1178,3656808,NO 15/9-F-12 H
1108,1167,3657975,NO 15/9-F-12 H
1109,1151,3659126,NO 15/9-F-12 H
1110,1136,3660262,NO 15/9-F-12 H
1111,1130,3661392,NO 15/9-F-12 H
1112,1123,3662515,NO 15/9-F-12 H
1113,1128,3663643,NO 15/9-F-12 H
1114,1108,3664751,NO 15/9-F-12 H
1115,1096,3665847,NO 15/9-F-12 H
1116,1111,3666958,NO 15/9-F-12 H
1117,1100,3668058,NO 15/9-F-12 H
1118,1099,3669157,NO 15/9-F-12 H
1119,1094,3670251,NO 15/9-F-12 H
1120,1086,3671337,NO 15/9-F-12 H
1121,1085,3672422,NO 15/9-F-12 H
1122,1094,3673516,NO 15/9-F-12 H
1123,1155,3674671,NO 15/9-F-12 H
1124,1273,3675944,NO 15/9-F-12 H
1125,1318,3677262,NO 15/9-F-12 H
1126,1320,3678582,NO 15/9-F-12 H
1127,1339,3679921,NO 15/9-F-12 H
1128,1336,3681257,NO 15/9-F-12 H
1129,512,3681769,NO 15/9-F-12 H
1130,1307,3683076,NO 15/9-F-12 H
1131,1367,3684443,NO 15/9-F-12 H
1132,1378,3685821,NO 15/9-F-12 H
1133,1402,3687223,NO 15/9-F-12 H
1134,1310,3688533,NO 15/9-F-12 H
1135,1272,3689805,NO 15/9-F-12 H
1136,1269,3691074,NO 15/9-F-12 H
1137,1270,3692344,NO 15/9-F-12 H
1138,1273,3693617,NO 15/9-F-12 H
1139,1222,3694839,NO 15/9-F-12 H
1140,1274,3696113,NO 15/9-F-12 H
1141,1269,3697382,NO 15/9-F-12 H
1142,1257,3698639,NO 15/9-F-12 H
1143,1272,3699911,NO 15/9-F-12 H
1144,1259,3701170,NO 15/9-F-12 H
1145,1252,3702422,NO 15/9-F-12 H
1146,1248,3703670,NO 15/9-F-12 H
1147,1246,3704916,NO 15/9-F-12 H
1148,1143,3706059,NO 15/9-F-12 H
1149,1242,3707301,NO 15/9-F-12 H
1150,1260,3708561,NO 15/9-F-12 H
1151,1260,3709821,NO 15/9-F-12 H
1152,1254,3711075,NO 15/9-F-12 H
1153,1251,3712326,NO 15/9-F-12 H
1154,1256,3713582,NO 15/9-F-12 H
1155,1257,3714839,NO 15/9-F-12 H
1156,1106,3715945,NO 15/9-F-12 H
1157,1270,3717215,NO 15/9-F-12 H
1158,1294,3718509,NO 15/9-F-12 H
1159,1301,3719810,NO 15/9-F-12 H
1160,1303,3721113,NO 15/9-F-12 H
1161,1296,3722409,NO 15/9-F-12 H
1162,1293,3723702,NO 15/9-F-12 H
1163,1293,3724995,NO 15/9-F-12 H
1164,1290,3726285,NO 15/9-F-12 H
1165,1288,3727573,NO 15/9-F-12 H
1166,1286,3728859,NO 15/9-F-12 H
1167,1286,3730145,NO 15/9-F-12 H
1168,1283,3731428,NO 15/9-F-12 H
1169,1280,3732708,NO 15/9-F-12 H
1170,1281,3733989,NO 15/9-F-12 H
1171,1248,3735237,NO 15/9-F-12 H
1172,1247,3736484,NO 15/9-F-12 H
1173,1245,3737729,NO 15/9-F-12 H
1174,1244,3738973,NO 15/9-F-12 H
1175,1242,3740215,NO 15/9-F-12 H
1176,1238,3741453,NO 15/9-F-12 H
1177,1240,3742693,NO 15/9-F-12 H
1178,1235,3743928,NO 15/9-F-12 H
1179,1232,3745160,NO 15/9-F-12 H
1180,1232,3746392,NO 15/9-F-12 H
1181,1233,3747625,NO 15/9-F-12 H
1182,1226,3748851,NO 15/9-F-12 H
1183,1225,3750076,NO 15/9-F-12 H
1184,961,3751037,NO 15/9-F-12 H
1185,1123,3752160,NO 15/9-F-12 H
1186,1206,3753366,NO 15/9-F-12 H
1187,1209,3754575,NO 15/9-F-12 H
1188,1214,3755789,NO 15/9-F-12 H
1189,1214,3757003,NO 15/9-F-12 H
1190,1213,3758216,NO 15/9-F-12 H
1191,1202,3759418,NO 15/9-F-12 H
1192,920,3760338,NO 15/9-F-12 H
1193,1158,3761496,NO 15/9-F-12 H
1194,1206,3762702,NO 15/9-F-12 H
1195,1204,3763906,NO 15/9-F-12 H
1196,1227,3765133,NO 15/9-F-12 H
1197,1237,3766370,NO 15/9-F-12 H
1198,1239,3767609,NO 15/9-F-12 H
1199,1232,3768841,NO 15/9-F-12 H
1200,1230,3770071,NO 15/9-F-12 H
1201,1229,3771300,NO 15/9-F-12 H
1202,1215,3772515,NO 15/9-F-12 H
1203,1210,3773725,NO 15/9-F-12 H
1204,1208,3774933,NO 15/9-F-12 H
1205,1207,3776140,NO 15/9-F-12 H
1206,877,3777017,NO 15/9-F-12 H
1207,1098,3778115,NO 15/9-F-12 H
1208,1144,3779259,NO 15/9-F-12 H
1209,1152,3780411,NO 15/9-F-12 H
1210,1134,3781545,NO 15/9-F-12 H
1211,1134,3782679,NO 15/9-F-12 H
1212,1130,3783809,NO 15/9-F-12 H
1213,1134,3784943,NO 15/9-F-12 H
1214,1135,3786078,NO 15/9-F-12 H
1215,1136,3787214,NO 15/9-F-12 H
1216,1142,3788356,NO 15/9-F-12 H
1217,1145,3789501,NO 15/9-F-12 H
1218,1145,3790646,NO 15/9-F-12 H
1219,1143,3791789,NO 15/9-F-12 H
1220,1107,3792896,NO 15/9-F-12 H
1221,1119,3794015,NO 15/9-F-12 H
1222,1144,3795159,NO 15/9-F-12 H
1223,1144,3796303,NO 15/9-F-12 H
1224,656,3796959,NO 15/9-F-12 H
1225,656,3797615,NO 15/9-F-12 H
1226,656,3798271,NO 15/9-F-12 H
1227,656,3798927,NO 15/9-F-12 H
1228,0,3798927,NO 15/9-F-12 H
1229,0,3798927,NO 15/9-F-12 H
1230,0,3798927,NO 15/9-F-12 H
1231,0,3798927,NO 15/9-F-12 H
1232,0,3798927,NO 15/9-F-12 H
1233,0,3798927,NO 15/9-F-12 H
1234,0,3798927,NO 15/9-F-12 H
1235,910,3799837,NO 15/9-F-12 H
1236,398,3800235,NO 15/9-F-12 H
1237,263,3800498,NO 15/9-F-12 H
1238,472,3800970,NO 15/9-F-12 H
1239,0,3800970,NO 15/9-F-12 H
1240,0,3800970,NO 15/9-F-12 H
1241,188,3801158,NO 15/9-F-12 H
1242,922,3802080,NO 15/9-F-12 H
1243,0,3802080,NO 15/9-F-12 H
1244,787,3802867,NO 15/9-F-12 H
1245,1080,3803947,NO 15/9-F-12 H
1246,1080,3805027,NO 15/9-F-12 H
1247,0,3805027,NO 15/9-F-12 H
1248,0,3805027,NO 15/9-F-12 H
1249,109,3805136,NO 15/9-F-12 H
1250,547,3805683,NO 15/9-F-12 H
1251,0,3805683,NO 15/9-F-12 H
1252,0,3805683,NO 15/9-F-12 H
1253,0,3805683,NO 15/9-F-12 H
1254,1207,3806890,NO 15/9-F-12 H
1255,1347,3808237,NO 15/9-F-12 H
1256,402,3808639,NO 15/9-F-12 H
1257,0,3808639,NO 15/9-F-12 H
1258,0,3808639,NO 15/9-F-12 H
1259,924,3809563,NO 15/9-F-12 H
1260,1197,3810760,NO 15/9-F-12 H
1261,0,3810760,NO 15/9-F-12 H
1262,231,3810991,NO 15/9-F-12 H
1263,1364,3812355,NO 15/9-F-12 H
1264,114,3812469,NO 15/9-F-12 H
1265,0,3812469,NO 15/9-F-12 H
1266,0,3812469,NO 15/9-F-12 H
1267,0,3812469,NO 15/9-F-12 H
1268,0,3812469,NO 15/9-F-12 H
1269,383,3812852,NO 15/9-F-12 H
1270,1456,3814308,NO 15/9-F-12 H
1271,1290,3815598,NO 15/9-F-12 H
1272,1497,3817095,NO 15/9-F-12 H
1273,1472,3818567,NO 15/9-F-12 H
1274,1450,3820017,NO 15/9-F-12 H
1275,1490,3821507,NO 15/9-F-12 H
1276,1485,3822992,NO 15/9-F-12 H
1277,1464,3824456,NO 15/9-F-12 H
1278,1439,3825895,NO 15/9-F-12 H
1279,1419,3827314,NO 15/9-F-12 H
1280,1406,3828720,NO 15/9-F-12 H
1281,1384,3830104,NO 15/9-F-12 H
1282,1364,3831468,NO 15/9-F-12 H
1283,1354,3832822,NO 15/9-F-12 H
1284,1346,3834168,NO 15/9-F-12 H
1285,1333,3835501,NO 15/9-F-12 H
1286,1321,3836822,NO 15/9-F-12 H
1287,1311,3838133,NO 15/9-F-12 H
1288,1305,3839438,NO 15/9-F-12 H
1289,1286,3840724,NO 15/9-F-12 H
1290,1216,3841940,NO 15/9-F-12 H
1291,941,3842881,NO 15/9-F-12 H
1292,1199,3844080,NO 15/9-F-12 H
1293,1205,3845285,NO 15/9-F-12 H
1294,1197,3846482,NO 15/9-F-12 H
1295,1186,3847668,NO 15/9-F-12 H
1296,1181,3848849,NO 15/9-F-12 H
1297,1173,3850022,NO 15/9-F-12 H
1298,1154,3851176,NO 15/9-F-12 H
1299,1151,3852327,NO 15/9-F-12 H
1300,1150,3853477,NO 15/9-F-12 H
1301,1147,3854624,NO 15/9-F-12 H
1302,1143,3855767,NO 15/9-F-12 H
1303,1143,3856910,NO 15/9-F-12 H
1304,1126,3858036,NO 15/9-F-12 H
1305,1115,3859151,NO 15/9-F-12 H
1306,1108,3860259,NO 15/9-F-12 H
1307,1104,3861363,NO 15/9-F-12 H
1308,1105,3862468,NO 15/9-F-12 H
1309,337,3862805,NO 15/9-F-12 H
1310,1065,3863870,NO 15/9-F-12 H
1311,1086,3864956,NO 15/9-F-12 H
1312,966,3865922,NO 15/9-F-12 H
1313,955,3866877,NO 15/9-F-12 H
1314,957,3867834,NO 15/9-F-12 H
1315,962,3868796,NO 15/9-F-12 H
1316,955,3869751,NO 15/9-F-12 H
1317,934,3870685,NO 15/9-F-12 H
1318,904,3871589,NO 15/9-F-12 H
1319,886,3872475,NO 15/9-F-12 H
1320,873,3873348,NO 15/9-F-12 H
1321,869,3874217,NO 15/9-F-12 H
1322,868,3875085,NO 15/9-F-12 H
1323,866,3875951,NO 15/9-F-12 H
1324,973,3876924,NO 15/9-F-12 H
1325,955,3877879,NO 15/9-F-12 H
1326,969,3878848,NO 15/9-F-12 H
1327,965,3879813,NO 15/9-F-12 H
1328,970,3880783,NO 15/9-F-12 H
1329,975,3881758,NO 15/9-F-12 H
1330,971,3882729,NO 15/9-F-12 H
1331,969,3883698,NO 15/9-F-12 H
1332,967,3884665,NO 15/9-F-12 H
1333,441,3885106,NO 15/9-F-12 H
1334,352,3885458,NO 15/9-F-12 H
1335,938,3886396,NO 15/9-F-12 H
1336,967,3887363,NO 15/9-F-12 H
1337,943,3888306,NO 15/9-F-12 H
1338,959,3889265,NO 15/9-F-12 H
1339,968,3890233,NO 15/9-F-12 H
1340,654,3890887,NO 15/9-F-12 H
1341,608,3891495,NO 15/9-F-12 H
1342,608,3892103,NO 15/9-F-12 H
1343,608,3892711,NO 15/9-F-12 H
1344,608,3893319,NO 15/9-F-12 H
1345,0,3893319,NO 15/9-F-12 H
1346,0,3893319,NO 15/9-F-12 H
1347,0,3893319,NO 15/9-F-12 H
1348,0,3893319,NO 15/9-F-12 H
1349,0,3893319,NO 15/9-F-12 H
1350,0,3893319,NO 15/9-F-12 H
1351,0,3893319,NO 15/9-F-12 H
1352,0,3893319,NO 15/9-F-12 H
1353,0,3893319,NO 15/9-F-12 H
1354,0,3893319,NO 15/9-F-12 H
1355,0,3893319,NO 15/9-F-12 H
1356,0,3893319,NO 15/9-F-12 H
1357,0,3893319,NO 15/9-F-12 H
1358,0,3893319,NO 15/9-F-12 H
1359,0,3893319,NO 15/9-F-12 H
1360,0,3893319,NO 15/9-F-12 H
1361,0,3893319,NO 15/9-F-12 H
1362,223,3893542,NO 15/9-F-12 H
1363,1147,3894689,NO 15/9-F-12 H
1364,1174,3895863,NO 15/9-F-12 H
1365,1176,3897039,NO 15/9-F-12 H
1366,1187,3898226,NO 15/9-F-12 H
1367,1209,3899435,NO 15/9-F-12 H
1368,595,3900030,NO 15/9-F-12 H
1369,535,3900565,NO 15/9-F-12 H
1370,1220,3901785,NO 15/9-F-12 H
1371,1219,3903004,NO 15/9-F-12 H
1372,1205,3904209,NO 15/9-F-12 H
1373,1183,3905392,NO 15/9-F-12 H
1374,1176,3906568,NO 15/9-F-12 H
1375,1164,3907732,NO 15/9-F-12 H
1376,1151,3908883,NO 15/9-F-12 H
1377,1139,3910022,NO 15/9-F-12 H
1378,1128,3911150,NO 15/9-F-12 H
1379,1116,3912266,NO 15/9-F-12 H
1380,1103,3913369,NO 15/9-F-12 H
1381,1050,3914419,NO 15/9-F-12 H
1382,1050,3915469,NO 15/9-F-12 H
1383,1050,3916519,NO 15/9-F-12 H
1384,1050,3917569,NO 15/9-F-12 H
1385,688,3918257,NO 15/9-F-12 H
1386,688,3918945,NO 15/9-F-12 H
1387,688,3919633,NO 15/9-F-12 H
1388,688,3920321,NO 15/9-F-12 H
1389,780,3921101,NO 15/9-F-12 H
1390,780,3921881,NO 15/9-F-12 H
1391,780,3922661,NO 15/9-F-12 H
1392,551,3923212,NO 15/9-F-12 H
1393,68,3923280,NO 15/9-F-12 H
1394,761,3924041,NO 15/9-F-12 H
1395,602,3924643,NO 15/9-F-12 H
1396,602,3925245,NO 15/9-F-12 H
1397,0,3925245,NO 15/9-F-12 H
1398,1143,3926388,NO 15/9-F-12 H
1399,1055,3927443,NO 15/9-F-12 H
1400,0,3927443,NO 15/9-F-12 H
1401,0,3927443,NO 15/9-F-12 H
1402,1096,3928539,NO 15/9-F-12 H
1403,1057,3929596,NO 15/9-F-12 H
1404,972,3930568,NO 15/9-F-12 H
1405,607,3931175,NO 15/9-F-12 H
1406,1119,3932294,NO 15/9-F-12 H
1407,1101,3933395,NO 15/9-F-12 H
1408,1076,3934471,NO 15/9-F-12 H
1409,1077,3935548,NO 15/9-F-12 H
1410,1070,3936618,NO 15/9-F-12 H
1411,780,3937398,NO 15/9-F-12 H
1412,780,3938178,NO 15/9-F-12 H
1413,0,3938178,NO 15/9-F-12 H
1414,560,3938738,NO 15/9-F-12 H
1415,484,3939222,NO 15/9-F-12 H
1416,0,3939222,NO 15/9-F-12 H
1417,1047,3940269,NO 15/9-F-12 H
1418,1084,3941353,NO 15/9-F-12 H
1419,1073,3942426,NO 15/9-F-12 H
1420,1019,3943445,NO 15/9-F-12 H
1421,1019,3944464,NO 15/9-F-12 H
1422,1019,3945483,NO 15/9-F-12 H
1423,1019,3946502,NO 15/9-F-12 H
1424,1019,3947521,NO 15/9-F-12 H
1425,1019,3948540,NO 15/9-F-12 H
1426,1019,3949559,NO 15/9-F-12 H
1427,1019,3950578,NO 15/9-F-12 H
1428,1019,3951597,NO 15/9-F-12 H
1429,1019,3952616,NO 15/9-F-12 H
1430,1019,3953635,NO 15/9-F-12 H
1431,1019,3954654,NO 15/9-F-12 H
1432,76,3954730,NO 15/9-F-12 H
1433,1183,3955913,NO 15/9-F-12 H
1434,1176,3957089,NO 15/9-F-12 H
1435,1104,3958193,NO 15/9-F-12 H
1436,1128,3959321,NO 15/9-F-12 H
1437,1145,3960466,NO 15/9-F-12 H
1438,1134,3961600,NO 15/9-F-12 H
1439,492,3962092,NO 15/9-F-12 H
1440,503,3962595,NO 15/9-F-12 H
1441,1100,3963695,NO 15/9-F-12 H
1442,1096,3964791,NO 15/9-F-12 H
1443,684,3965475,NO 15/9-F-12 H
1444,684,3966159,NO 15/9-F-12 H
1445,432,3966591,NO 15/9-F-12 H
1446,1088,3967679,NO 15/9-F-12 H
1447,1248,3968927,NO 15/9-F-12 H
1448,1161,3970088,NO 15/9-F-12 H
1449,1377,3971465,NO 15/9-F-12 H
1450,1192,3972657,NO 15/9-F-12 H
1451,1028,3973685,NO 15/9-F-12 H
1452,1014,3974699,NO 15/9-F-12 H
1453,992,3975691,NO 15/9-F-12 H
1454,971,3976662,NO 15/9-F-12 H
1455,972,3977634,NO 15/9-F-12 H
1456,1028,3978662,NO 15/9-F-12 H
1457,1028,3979690,NO 15/9-F-12 H
1458,683,3980373,NO 15/9-F-12 H
1459,798,3981171,NO 15/9-F-12 H
1460,950,3982121,NO 15/9-F-12 H
1461,958,3983079,NO 15/9-F-12 H
1462,972,3984051,NO 15/9-F-12 H
1463,949,3985000,NO 15/9-F-12 H
1464,944,3985944,NO 15/9-F-12 H
1465,944,3986888,NO 15/9-F-12 H
1466,937,3987825,NO 15/9-F-12 H
1467,929,3988754,NO 15/9-F-12 H
1468,919,3989673,NO 15/9-F-12 H
1469,926,3990599,NO 15/9-F-12 H
1470,921,3991520,NO 15/9-F-12 H
1471,924,3992444,NO 15/9-F-12 H
1472,919,3993363,NO 15/9-F-12 H
1473,916,3994279,NO 15/9-F-12 H
1474,914,3995193,NO 15/9-F-12 H
1475,912,3996105,NO 15/9-F-12 H
1476,909,3997014,NO 15/9-F-12 H
1477,907,3997921,NO 15/9-F-12 H
1478,904,3998825,NO 15/9-F-12 H
1479,897,3999722,NO 15/9-F-12 H
1480,896,4000618,NO 15/9-F-12 H
1481,892,4001510,NO 15/9-F-12 H
1482,887,4002397,NO 15/9-F-12 H
1483,882,4003279,NO 15/9-F-12 H
1484,877,4004156,NO 15/9-F-12 H
1485,877,4005033,NO 15/9-F-12 H
1486,873,4005906,NO 15/9-F-12 H
1487,872,4006778,NO 15/9-F-12 H
1488,871,4007649,NO 15/9-F-12 H
1489,866,4008515,NO 15/9-F-12 H
1490,866,4009381,NO 15/9-F-12 H
1491,736,4010117,NO 15/9-F-12 H
1492,855,4010972,NO 15/9-F-12 H
1493,760,4011732,NO 15/9-F-12 H
1494,842,4012574,NO 15/9-F-12 H
1495,850,4013424,NO 15/9-F-12 H
1496,850,4014274,NO 15/9-F-12 H
1497,855,4015129,NO 15/9-F-12 H
1498,856,4015985,NO 15/9-F-12 H
1499,855,4016840,NO 15/9-F-12 H
1500,855,4017695,NO 15/9-F-12 H
1501,806,4018501,NO 15/9-F-12 H
1502,968,4019469,NO 15/9-F-12 H
1503,807,4020276,NO 15/9-F-12 H
1504,855,4021131,NO 15/9-F-12 H
1505,938,4022069,NO 15/9-F-12 H
1506,880,4022949,NO 15/9-F-12 H
1507,871,4023820,NO 15/9-F-12 H
1508,845,4024665,NO 15/9-F-12 H
1509,839,4025504,NO 15/9-F-12 H
1510,834,4026338,NO 15/9-F-12 H
1511,829,4027167,NO 15/9-F-12 H
1512,837,4028004,NO 15/9-F-12 H
1513,834,4028838,NO 15/9-F-12 H
1514,833,4029671,NO 15/9-F-12 H
1515,830,4030501,NO 15/9-F-12 H
1516,827,4031328,NO 15/9-F-12 H
1517,820,4032148,NO 15/9-F-12 H
1518,818,4032966,NO 15/9-F-12 H
1519,831,4033797,NO 15/9-F-12 H
1520,831,4034628,NO 15/9-F-12 H
1521,826,4035454,NO 15/9-F-12 H
1522,836,4036290,NO 15/9-F-12 H
1523,832,4037122,NO 15/9-F-12 H
1524,827,4037949,NO 15/9-F-12 H
1525,825,4038774,NO 15/9-F-12 H
1526,822,4039596,NO 15/9-F-12 H
1527,812,4040408,NO 15/9-F-12 H
1528,811,4041219,NO 15/9-F-12 H
1529,809,4042028,NO 15/9-F-12 H
1530,821,4042849,NO 15/9-F-12 H
1531,821,4043670,NO 15/9-F-12 H
1532,816,4044486,NO 15/9-F-12 H
1533,814,4045300,NO 15/9-F-12 H
1534,814,4046114,NO 15/9-F-12 H
1535,811,4046925,NO 15/9-F-12 H
1536,806,4047731,NO 15/9-F-12 H
1537,414,4048145,NO 15/9-F-12 H
1538,707,4048852,NO 15/9-F-12 H
1539,739,4049591,NO 15/9-F-12 H
1540,752,4050343,NO 15/9-F-12 H
1541,755,4051098,NO 15/9-F-12 H
1542,751,4051849,NO 15/9-F-12 H
1543,756,4052605,NO 15/9-F-12 H
1544,758,4053363,NO 15/9-F-12 H
1545,760,4054123,NO 15/9-F-12 H
1546,716,4054839,NO 15/9-F-12 H
1547,722,4055561,NO 15/9-F-12 H
1548,722,4056283,NO 15/9-F-12 H
1549,720,4057003,NO 15/9-F-12 H
1550,719,4057722,NO 15/9-F-12 H
1551,728,4058450,NO 15/9-F-12 H
1552,728,4059178,NO 15/9-F-12 H
1553,728,4059906,NO 15/9-F-12 H
1554,726,4060632,NO 15/9-F-12 H
1555,724,4061356,NO 15/9-F-12 H
1556,726,4062082,NO 15/9-F-12 H
1557,726,4062808,NO 15/9-F-12 H
1558,727,4063535,NO 15/9-F-12 H
1559,746,4064281,NO 15/9-F-12 H
1560,746,4065027,NO 15/9-F-12 H
1561,466,4065493,NO 15/9-F-12 H
1562,692,4066185,NO 15/9-F-12 H
1563,711,4066896,NO 15/9-F-12 H
1564,716,4067612,NO 15/9-F-12 H
1565,723,4068335,NO 15/9-F-12 H
1566,730,4069065,NO 15/9-F-12 H
1567,736,4069801,NO 15/9-F-12 H
1568,739,4070540,NO 15/9-F-12 H
1569,735,4071275,NO 15/9-F-12 H
1570,735,4072010,NO 15/9-F-12 H
1571,735,4072745,NO 15/9-F-12 H
1572,734,4073479,NO 15/9-F-12 H
1573,730,4074209,NO 15/9-F-12 H
1574,729,4074938,NO 15/9-F-12 H
1575,727,4075665,NO 15/9-F-12 H
1576,730,4076395,NO 15/9-F-12 H
1577,746,4077141,NO 15/9-F-12 H
1578,744,4077885,NO 15/9-F-12 H
1579,743,4078628,NO 15/9-F-12 H
1580,746,4079374,NO 15/9-F-12 H
1581,736,4080110,NO 15/9-F-12 H
1582,742,4080852,NO 15/9-F-12 H
1583,632,4081484,NO 15/9-F-12 H
1584,715,4082199,NO 15/9-F-12 H
1585,724,4082923,NO 15/9-F-12 H
1586,730,4083653,NO 15/9-F-12 H
1587,732,4084385,NO 15/9-F-12 H
1588,731,4085116,NO 15/9-F-12 H
1589,732,4085848,NO 15/9-F-12 H
1590,376,4086224,NO 15/9-F-12 H
1591,640,4086864,NO 15/9-F-12 H
1592,672,4087536,NO 15/9-F-12 H
1593,685,4088221,NO 15/9-F-12 H
1594,690,4088911,NO 15/9-F-12 H
1595,693,4089604,NO 15/9-F-12 H
1596,693,4090297,NO 15/9-F-12 H
1597,646,4090943,NO 15/9-F-12 H
1598,649,4091592,NO 15/9-F-12 H
1599,652,4092244,NO 15/9-F-12 H
1600,652,4092896,NO 15/9-F-12 H
1601,657,4093553,NO 15/9-F-12 H
1602,671,4094224,NO 15/9-F-12 H
1603,671,4094895,NO 15/9-F-12 H
1604,670,4095565,NO 15/9-F-12 H
1605,671,4096236,NO 15/9-F-12 H
1606,670,4096906,NO 15/9-F-12 H
1607,672,4097578,NO 15/9-F-12 H
1608,671,4098249,NO 15/9-F-12 H
1609,688,4098937,NO 15/9-F-12 H
1610,686,4099623,NO 15/9-F-12 H
1611,686,4100309,NO 15/9-F-12 H
1612,688,4100997,NO 15/9-F-12 H
1613,691,4101688,NO 15/9-F-12 H
1614,690,4102378,NO 15/9-F-12 H
1615,689,4103067,NO 15/9-F-12 H
1616,690,4103757,NO 15/9-F-12 H
1617,690,4104447,NO 15/9-F-12 H
1618,690,4105137,NO 15/9-F-12 H
1619,691,4105828,NO 15/9-F-12 H
1620,689,4106517,NO 15/9-F-12 H
1621,689,4107206,NO 15/9-F-12 H
1622,688,4107894,NO 15/9-F-12 H
1623,689,4108583,NO 15/9-F-12 H
1624,690,4109273,NO 15/9-F-12 H
1625,688,4109961,NO 15/9-F-12 H
1626,687,4110648,NO 15/9-F-12 H
1627,685,4111333,NO 15/9-F-12 H
1628,683,4112016,NO 15/9-F-12 H
1629,685,4112701,NO 15/9-F-12 H
1630,699,4113400,NO 15/9-F-12 H
1631,703,4114103,NO 15/9-F-12 H
1632,700,4114803,NO 15/9-F-12 H
1633,699,4115502,NO 15/9-F-12 H
1634,698,4116200,NO 15/9-F-12 H
1635,694,4116894,NO 15/9-F-12 H
1636,691,4117585,NO 15/9-F-12 H
1637,696,4118281,NO 15/9-F-12 H
1638,697,4118978,NO 15/9-F-12 H
1639,697,4119675,NO 15/9-F-12 H
1640,694,4120369,NO 15/9-F-12 H
1641,698,4121067,NO 15/9-F-12 H
1642,702,4121769,NO 15/9-F-12 H
1643,698,4122467,NO 15/9-F-12 H
1644,633,4123100,NO 15/9-F-12 H
1645,633,4123733,NO 15/9-F-12 H
1646,0,4123733,NO 15/9-F-12 H
1647,0,4123733,NO 15/9-F-12 H
1648,0,4123733,NO 15/9-F-12 H
1649,0,4123733,NO 15/9-F-12 H
1650,0,4123733,NO 15/9-F-12 H
1651,0,4123733,NO 15/9-F-12 H
1652,0,4123733,NO 15/9-F-12 H
1653,0,4123733,NO 15/9-F-12 H
1654,0,4123733,NO 15/9-F-12 H
1655,0,4123733,NO 15/9-F-12 H
1656,0,4123733,NO 15/9-F-12 H
1657,0,4123733,NO 15/9-F-12 H
1658,0,4123733,NO 15/9-F-12 H
1659,0,4123733,NO 15/9-F-12 H
1660,0,4123733,NO 15/9-F-12 H
1661,0,4123733,NO 15/9-F-12 H
1662,0,4123733,NO 15/9-F-12 H
1663,0,4123733,NO 15/9-F-12 H
1664,0,4123733,NO 15/9-F-12 H
1665,0,4123733,NO 15/9-F-12 H
1666,0,4123733,NO 15/9-F-12 H
1667,0,4123733,NO 15/9-F-12 H
1668,0,4123733,NO 15/9-F-12 H
1669,0,4123733,NO 15/9-F-12 H
1670,0,4123733,NO 15/9-F-12 H
1671,0,4123733,NO 15/9-F-12 H
1672,0,4123733,NO 15/9-F-12 H
1673,0,4123733,NO 15/9-F-12 H
1674,0,4123733,NO 15/9-F-12 H
1675,0,4123733,NO 15/9-F-12 H
1676,0,4123733,NO 15/9-F-12 H
1677,0,4123733,NO 15/9-F-12 H
1678,0,4123733,NO 15/9-F-12 H
1679,0,4123733,NO 15/9-F-12 H
1680,0,4123733,NO 15/9-F-12 H
1681,0,4123733,NO 15/9-F-12 H
1682,0,4123733,NO 15/9-F-12 H
1683,0,4123733,NO 15/9-F-12 H
1684,0,4123733,NO 15/9-F-12 H
1685,0,4123733,NO 15/9-F-12 H
1686,0,4123733,NO 15/9-F-12 H
1687,0,4123733,NO 15/9-F-12 H
1688,0,4123733,NO 15/9-F-12 H
1689,0,4123733,NO 15/9-F-12 H
1690,0,4123733,NO 15/9-F-12 H
1691,193,4123926,NO 15/9-F-12 H
1692,820,4124746,NO 15/9-F-12 H
1693,795,4125541,NO 15/9-F-12 H
1694,740,4126281,NO 15/9-F-12 H
1695,799,4127080,NO 15/9-F-12 H
1696,830,4127910,NO 15/9-F-12 H
1697,730,4128640,NO 15/9-F-12 H
1698,728,4129368,NO 15/9-F-12 H
1699,721,4130089,NO 15/9-F-12 H
1700,718,4130807,NO 15/9-F-12 H
1701,708,4131515,NO 15/9-F-12 H
1702,737,4132252,NO 15/9-F-12 H
1703,748,4133000,NO 15/9-F-12 H
1704,963,4133963,NO 15/9-F-12 H
1705,662,4134625,NO 15/9-F-12 H
1706,402,4135027,NO 15/9-F-12 H
1707,402,4135429,NO 15/9-F-12 H
1708,402,4135831,NO 15/9-F-12 H
1709,402,4136233,NO 15/9-F-12 H
1710,402,4136635,NO 15/9-F-12 H
1711,183,4136818,NO 15/9-F-12 H
1712,1058,4137876,NO 15/9-F-12 H
1713,1072,4138948,NO 15/9-F-12 H
1714,714,4139662,NO 15/9-F-12 H
1715,713,4140375,NO 15/9-F-12 H
1716,717,4141092,NO 15/9-F-12 H
1717,709,4141801,NO 15/9-F-12 H
1718,700,4142501,NO 15/9-F-12 H
1719,700,4143201,NO 15/9-F-12 H
1720,719,4143920,NO 15/9-F-12 H
1721,682,4144602,NO 15/9-F-12 H
1722,686,4145288,NO 15/9-F-12 H
1723,679,4145967,NO 15/9-F-12 H
1724,674,4146641,NO 15/9-F-12 H
1725,664,4147305,NO 15/9-F-12 H
1726,660,4147965,NO 15/9-F-12 H
1727,655,4148620,NO 15/9-F-12 H
1728,648,4149268,NO 15/9-F-12 H
1729,637,4149905,NO 15/9-F-12 H
1730,639,4150544,NO 15/9-F-12 H
1731,641,4151185,NO 15/9-F-12 H
1732,635,4151820,NO 15/9-F-12 H
1733,632,4152452,NO 15/9-F-12 H
1734,631,4153083,NO 15/9-F-12 H
1735,633,4153716,NO 15/9-F-12 H
1736,634,4154350,NO 15/9-F-12 H
1737,634,4154984,NO 15/9-F-12 H
1738,635,4155619,NO 15/9-F-12 H
1739,632,4156251,NO 15/9-F-12 H
1740,633,4156884,NO 15/9-F-12 H
1741,631,4157515,NO 15/9-F-12 H
1742,629,4158144,NO 15/9-F-12 H
1743,628,4158772,NO 15/9-F-12 H
1744,628,4159400,NO 15/9-F-12 H
1745,622,4160022,NO 15/9-F-12 H
1746,620,4160642,NO 15/9-F-12 H
1747,613,4161255,NO 15/9-F-12 H
1748,615,4161870,NO 15/9-F-12 H
1749,615,4162485,NO 15/9-F-12 H
1750,633,4163118,NO 15/9-F-12 H
1751,627,4163745,NO 15/9-F-12 H
1752,623,4164368,NO 15/9-F-12 H
1753,618,4164986,NO 15/9-F-12 H
1754,613,4165599,NO 15/9-F-12 H
1755,608,4166207,NO 15/9-F-12 H
1756,600,4166807,NO 15/9-F-12 H
1757,601,4167408,NO 15/9-F-12 H
1758,570,4167978,NO 15/9-F-12 H
1759,604,4168582,NO 15/9-F-12 H
1760,604,4169186,NO 15/9-F-12 H
1761,601,4169787,NO 15/9-F-12 H
1762,600,4170387,NO 15/9-F-12 H
1763,600,4170987,NO 15/9-F-12 H
1764,497,4171484,NO 15/9-F-12 H
1765,309,4171793,NO 15/9-F-12 H
1766,136,4171929,NO 15/9-F-12 H
1767,514,4172443,NO 15/9-F-12 H
1768,222,4172665,NO 15/9-F-12 H
1769,546,4173211,NO 15/9-F-12 H
1770,552,4173763,NO 15/9-F-12 H
1771,554,4174317,NO 15/9-F-12 H
1772,558,4174875,NO 15/9-F-12 H
1773,531,4175406,NO 15/9-F-12 H
1774,531,4175937,NO 15/9-F-12 H
1775,533,4176470,NO 15/9-F-12 H
1776,535,4177005,NO 15/9-F-12 H
1777,539,4177544,NO 15/9-F-12 H
1778,541,4178085,NO 15/9-F-12 H
1779,539,4178624,NO 15/9-F-12 H
1780,538,4179162,NO 15/9-F-12 H
1781,536,4179698,NO 15/9-F-12 H
1782,538,4180236,NO 15/9-F-12 H
1783,535,4180771,NO 15/9-F-12 H
1784,534,4181305,NO 15/9-F-12 H
1785,531,4181836,NO 15/9-F-12 H
1786,519,4182355,NO 15/9-F-12 H
1787,536,4182891,NO 15/9-F-12 H
1788,584,4183475,NO 15/9-F-12 H
1789,585,4184060,NO 15/9-F-12 H
1790,575,4184635,NO 15/9-F-12 H
1791,582,4185217,NO 15/9-F-12 H
1792,578,4185795,NO 15/9-F-12 H
1793,584,4186379,NO 15/9-F-12 H
1794,582,4186961,NO 15/9-F-12 H
1795,568,4187529,NO 15/9-F-12 H
1796,576,4188105,NO 15/9-F-12 H
1797,574,4188679,NO 15/9-F-12 H
1798,575,4189254,NO 15/9-F-12 H
1799,565,4189819,NO 15/9-F-12 H
1800,569,4190388,NO 15/9-F-12 H
1801,495,4190883,NO 15/9-F-12 H
1802,518,4191401,NO 15/9-F-12 H
1803,562,4191963,NO 15/9-F-12 H
1804,560,4192523,NO 15/9-F-12 H
1805,559,4193082,NO 15/9-F-12 H
1806,563,4193645,NO 15/9-F-12 H
1807,565,4194210,NO 15/9-F-12 H
1808,566,4194776,NO 15/9-F-12 H
1809,566,4195342,NO 15/9-F-12 H
1810,563,4195905,NO 15/9-F-12 H
1811,562,4196467,NO 15/9-F-12 H
1812,563,4197030,NO 15/9-F-12 H
1813,562,4197592,NO 15/9-F-12 H
1814,560,4198152,NO 15/9-F-12 H
1815,562,4198714,NO 15/9-F-12 H
1816,558,4199272,NO 15/9-F-12 H
1817,551,4199823,NO 15/9-F-12 H
1818,552,4200375,NO 15/9-F-12 H
1819,552,4200927,NO 15/9-F-12 H
1820,550,4201477,NO 15/9-F-12 H
1821,543,4202020,NO 15/9-F-12 H
1822,564,4202584,NO 15/9-F-12 H
1823,549,4203133,NO 15/9-F-12 H
1824,547,4203680,NO 15/9-F-12 H
1825,542,4204222,NO 15/9-F-12 H
1826,541,4204763,NO 15/9-F-12 H
1827,540,4205303,NO 15/9-F-12 H
1828,537,4205840,NO 15/9-F-12 H
1829,531,4206371,NO 15/9-F-12 H
1830,535,4206906,NO 15/9-F-12 H
1831,541,4207447,NO 15/9-F-12 H
1832,538,4207985,NO 15/9-F-12 H
1833,543,4208528,NO 15/9-F-12 H
1834,536,4209064,NO 15/9-F-12 H
1835,512,4209576,NO 15/9-F-12 H
1836,538,4210114,NO 15/9-F-12 H
1837,506,4210620,NO 15/9-F-12 H
1838,531,4211151,NO 15/9-F-12 H
1839,528,4211679,NO 15/9-F-12 H
1840,532,4212211,NO 15/9-F-12 H
1841,533,4212744,NO 15/9-F-12 H
1842,529,4213273,NO 15/9-F-12 H
1843,528,4213801,NO 15/9-F-12 H
1844,524,4214325,NO 15/9-F-12 H
1845,526,4214851,NO 15/9-F-12 H
1846,524,4215375,NO 15/9-F-12 H
1847,526,4215901,NO 15/9-F-12 H
1848,526,4216427,NO 15/9-F-12 H
1849,518,4216945,NO 15/9-F-12 H
1850,67,4217012,NO 15/9-F-12 H
1851,67,4217079,NO 15/9-F-12 H
1852,67,4217146,NO 15/9-F-12 H
1853,96,4217242,NO 15/9-F-12 H
1854,246,4217488,NO 15/9-F-12 H
1855,246,4217734,NO 15/9-F-12 H
1856,0,4217734,NO 15/9-F-12 H
1857,0,4217734,NO 15/9-F-12 H
1858,0,4217734,NO 15/9-F-12 H
1859,0,4217734,NO 15/9-F-12 H
1860,0,4217734,NO 15/9-F-12 H
1861,0,4217734,NO 15/9-F-12 H
1862,0,4217734,NO 15/9-F-12 H
1863,0,4217734,NO 15/9-F-12 H
1864,0,4217734,NO 15/9-F-12 H
1865,0,4217734,NO 15/9-F-12 H
1866,0,4217734,NO 15/9-F-12 H
1867,0,4217734,NO 15/9-F-12 H
1868,137,4217871,NO 15/9-F-12 H
1869,493,4218364,NO 15/9-F-12 H
1870,515,4218879,NO 15/9-F-12 H
1871,257,4219136,NO 15/9-F-12 H
1872,275,4219411,NO 15/9-F-12 H
1873,540,4219951,NO 15/9-F-12 H
1874,534,4220485,NO 15/9-F-12 H
1875,495,4220980,NO 15/9-F-12 H
1876,495,4221475,NO 15/9-F-12 H
1877,0,4221475,NO 15/9-F-12 H
1878,0,4221475,NO 15/9-F-12 H
1879,64,4221539,NO 15/9-F-12 H
1880,64,4221603,NO 15/9-F-12 H
1881,64,4221667,NO 15/9-F-12 H
1882,64,4221731,NO 15/9-F-12 H
1883,0,4221731,NO 15/9-F-12 H
1884,124,4221855,NO 15/9-F-12 H
1885,554,4222409,NO 15/9-F-12 H
1886,572,4222981,NO 15/9-F-12 H
1887,591,4223572,NO 15/9-F-12 H
1888,606,4224178,NO 15/9-F-12 H
1889,608,4224786,NO 15/9-F-12 H
1890,490,4225276,NO 15/9-F-12 H
1891,618,4225894,NO 15/9-F-12 H
1892,617,4226511,NO 15/9-F-12 H
1893,610,4227121,NO 15/9-F-12 H
1894,613,4227734,NO 15/9-F-12 H
1895,608,4228342,NO 15/9-F-12 H
1896,601,4228943,NO 15/9-F-12 H
1897,594,4229537,NO 15/9-F-12 H
1898,583,4230120,NO 15/9-F-12 H
1899,575,4230695,NO 15/9-F-12 H
1900,568,4231263,NO 15/9-F-12 H
1901,563,4231826,NO 15/9-F-12 H
1902,570,4232396,NO 15/9-F-12 H
1903,549,4232945,NO 15/9-F-12 H
1904,578,4233523,NO 15/9-F-12 H
1905,566,4234089,NO 15/9-F-12 H
1906,566,4234655,NO 15/9-F-12 H
1907,566,4235221,NO 15/9-F-12 H
1908,565,4235786,NO 15/9-F-12 H
1909,567,4236353,NO 15/9-F-12 H
1910,564,4236917,NO 15/9-F-12 H
1911,562,4237479,NO 15/9-F-12 H
1912,559,4238038,NO 15/9-F-12 H
1913,560,4238598,NO 15/9-F-12 H
1914,558,4239156,NO 15/9-F-12 H
1915,558,4239714,NO 15/9-F-12 H
1916,554,4240268,NO 15/9-F-12 H
1917,554,4240822,NO 15/9-F-12 H
1918,292,4241114,NO 15/9-F-12 H
1919,398,4241512,NO 15/9-F-12 H
1920,520,4242032,NO 15/9-F-12 H
1921,391,4242423,NO 15/9-F-12 H
1922,522,4242945,NO 15/9-F-12 H
1923,530,4243475,NO 15/9-F-12 H
1924,534,4244009,NO 15/9-F-12 H
1925,538,4244547,NO 15/9-F-12 H
1926,542,4245089,NO 15/9-F-12 H
1927,533,4245622,NO 15/9-F-12 H
1928,532,4246154,NO 15/9-F-12 H
1929,525,4246679,NO 15/9-F-12 H
1930,526,4247205,NO 15/9-F-12 H
1931,525,4247730,NO 15/9-F-12 H
1932,526,4248256,NO 15/9-F-12 H
1933,511,4248767,NO 15/9-F-12 H
1934,535,4249302,NO 15/9-F-12 H
1935,536,4249838,NO 15/9-F-12 H
1936,536,4250374,NO 15/9-F-12 H
1937,538,4250912,NO 15/9-F-12 H
1938,539,4251451,NO 15/9-F-12 H
1939,528,4251979,NO 15/9-F-12 H
1940,487,4252466,NO 15/9-F-12 H
1941,488,4252954,NO 15/9-F-12 H
1942,523,4253477,NO 15/9-F-12 H
1943,517,4253994,NO 15/9-F-12 H
1944,401,4254395,NO 15/9-F-12 H
1945,412,4254807,NO 15/9-F-12 H
1946,494,4255301,NO 15/9-F-12 H
1947,500,4255801,NO 15/9-F-12 H
1948,508,4256309,NO 15/9-F-12 H
1949,511,4256820,NO 15/9-F-12 H
1950,511,4257331,NO 15/9-F-12 H
1951,517,4257848,NO 15/9-F-12 H
1952,526,4258374,NO 15/9-F-12 H
1953,527,4258901,NO 15/9-F-12 H
1954,528,4259429,NO 15/9-F-12 H
1955,526,4259955,NO 15/9-F-12 H
1956,473,4260428,NO 15/9-F-12 H
1957,0,4260428,NO 15/9-F-12 H
1958,0,4260428,NO 15/9-F-12 H
1959,0,4260428,NO 15/9-F-12 H
1960,0,4260428,NO 15/9-F-12 H
1961,178,4260606,NO 15/9-F-12 H
1962,0,4260606,NO 15/9-F-12 H
1963,145,4260751,NO 15/9-F-12 H
1964,493,4261244,NO 15/9-F-12 H
1965,495,4261739,NO 15/9-F-12 H
1966,506,4262245,NO 15/9-F-12 H
1967,518,4262763,NO 15/9-F-12 H
1968,519,4263282,NO 15/9-F-12 H
1969,525,4263807,NO 15/9-F-12 H
1970,535,4264342,NO 15/9-F-12 H
1971,38,4264380,NO 15/9-F-12 H
1972,141,4264521,NO 15/9-F-12 H
1973,511,4265032,NO 15/9-F-12 H
1974,484,4265516,NO 15/9-F-12 H
1975,520,4266036,NO 15/9-F-12 H
1976,404,4266440,NO 15/9-F-12 H
1977,523,4266963,NO 15/9-F-12 H
1978,516,4267479,NO 15/9-F-12 H
1979,518,4267997,NO 15/9-F-12 H
1980,582,4268579,NO 15/9-F-12 H
1981,575,4269154,NO 15/9-F-12 H
1982,573,4269727,NO 15/9-F-12 H
1983,572,4270299,NO 15/9-F-12 H
1984,568,4270867,NO 15/9-F-12 H
1985,569,4271436,NO 15/9-F-12 H
1986,567,4272003,NO 15/9-F-12 H
1987,31,4272034,NO 15/9-F-12 H
1988,0,4272034,NO 15/9-F-12 H
1989,6,4272040,NO 15/9-F-12 H
1990,216,4272256,NO 15/9-F-12 H
1991,217,4272473,NO 15/9-F-12 H
1992,437,4272910,NO 15/9-F-12 H
1993,15,4272925,NO 15/9-F-12 H
1994,66,4272991,NO 15/9-F-12 H
1995,548,4273539,NO 15/9-F-12 H
1996,59,4273598,NO 15/9-F-12 H
1997,0,4273598,NO 15/9-F-12 H
1998,0,4273598,NO 15/9-F-12 H
1999,313,4273911,NO 15/9-F-12 H
2000,521,4274432,NO 15/9-F-12 H
2001,534,4274966,NO 15/9-F-12 H
2002,540,4275506,NO 15/9-F-12 H
2003,548,4276054,NO 15/9-F-12 H
2004,544,4276598,NO 15/9-F-12 H
2005,539,4277137,NO 15/9-F-12 H
2006,540,4277677,NO 15/9-F-12 H
2007,532,4278209,NO 15/9-F-12 H
2008,527,4278736,NO 15/9-F-12 H
2009,532,4279268,NO 15/9-F-12 H
2010,534,4279802,NO 15/9-F-12 H
2011,530,4280332,NO 15/9-F-12 H
2012,540,4280872,NO 15/9-F-12 H
2013,532,4281404,NO 15/9-F-12 H
2014,534,4281938,NO 15/9-F-12 H
2015,553,4282491,NO 15/9-F-12 H
2016,545,4283036,NO 15/9-F-12 H
2017,534,4283570,NO 15/9-F-12 H
2018,528,4284098,NO 15/9-F-12 H
2019,530,4284628,NO 15/9-F-12 H
2020,528,4285156,NO 15/9-F-12 H
2021,526,4285682,NO 15/9-F-12 H
2022,522,4286204,NO 15/9-F-12 H
2023,565,4286769,NO 15/9-F-12 H
2024,488,4287257,NO 15/9-F-12 H
2025,490,4287747,NO 15/9-F-12 H
2026,497,4288244,NO 15/9-F-12 H
2027,501,4288745,NO 15/9-F-12 H
2028,501,4289246,NO 15/9-F-12 H
2029,520,4289766,NO 15/9-F-12 H
2030,525,4290291,NO 15/9-F-12 H
2031,528,4290819,NO 15/9-F-12 H
2032,414,4291233,NO 15/9-F-12 H
2033,260,4291493,NO 15/9-F-12 H
2034,259,4291752,NO 15/9-F-12 H
2035,257,4292009,NO 15/9-F-12 H
2036,259,4292268,NO 15/9-F-12 H
2037,254,4292522,NO 15/9-F-12 H
2038,250,4292772,NO 15/9-F-12 H
2039,205,4292977,NO 15/9-F-12 H
2040,0,4292977,NO 15/9-F-12 H
2041,38,4293015,NO 15/9-F-12 H
2042,435,4293450,NO 15/9-F-12 H
2043,397,4293847,NO 15/9-F-12 H
2044,494,4294341,NO 15/9-F-12 H
2045,198,4294539,NO 15/9-F-12 H
2046,198,4294737,NO 15/9-F-12 H
2047,185,4294922,NO 15/9-F-12 H
2048,124,4295046,NO 15/9-F-12 H
2049,383,4295429,NO 15/9-F-12 H
2050,493,4295922,NO 15/9-F-12 H
2051,408,4296330,NO 15/9-F-12 H
2052,410,4296740,NO 15/9-F-12 H
2053,412,4297152,NO 15/9-F-12 H
2054,64,4297216,NO 15/9-F-12 H
2055,206,4297422,NO 15/9-F-12 H
2056,367,4297789,NO 15/9-F-12 H
2057,376,4298165,NO 15/9-F-12 H
2058,376,4298541,NO 15/9-F-12 H
2059,295,4298836,NO 15/9-F-12 H
2060,293,4299129,NO 15/9-F-12 H
2061,293,4299422,NO 15/9-F-12 H
2062,297,4299719,NO 15/9-F-12 H
2063,299,4300018,NO 15/9-F-12 H
2064,298,4300316,NO 15/9-F-12 H
2065,295,4300611,NO 15/9-F-12 H
2066,292,4300903,NO 15/9-F-12 H
2067,293,4301196,NO 15/9-F-12 H
2068,163,4301359,NO 15/9-F-12 H
2069,100,4301459,NO 15/9-F-12 H
2070,279,4301738,NO 15/9-F-12 H
2071,279,4302017,NO 15/9-F-12 H
2072,281,4302298,NO 15/9-F-12 H
2073,283,4302581,NO 15/9-F-12 H
2074,288,4302869,NO 15/9-F-12 H
2075,285,4303154,NO 15/9-F-12 H
2076,283,4303437,NO 15/9-F-12 H
2077,288,4303725,NO 15/9-F-12 H
2078,282,4304007,NO 15/9-F-12 H
2079,286,4304293,NO 15/9-F-12 H
2080,286,4304579,NO 15/9-F-12 H
2081,287,4304866,NO 15/9-F-12 H
2082,286,4305152,NO 15/9-F-12 H
2083,285,4305437,NO 15/9-F-12 H
2084,281,4305718,NO 15/9-F-12 H
2085,141,4305859,NO 15/9-F-12 H
2086,181,4306040,NO 15/9-F-12 H
2087,153,4306193,NO 15/9-F-12 H
2088,277,4306470,NO 15/9-F-12 H
2089,281,4306751,NO 15/9-F-12 H
2090,289,4307040,NO 15/9-F-12 H
2091,204,4307244,NO 15/9-F-12 H
2092,57,4307301,NO 15/9-F-12 H
2093,0,4307301,NO 15/9-F-12 H
2094,0,4307301,NO 15/9-F-12 H
2095,149,4307450,NO 15/9-F-12 H
2096,260,4307710,NO 15/9-F-12 H
2097,257,4307967,NO 15/9-F-12 H
2098,256,4308223,NO 15/9-F-12 H
2099,229,4308452,NO 15/9-F-12 H
2100,273,4308725,NO 15/9-F-12 H
2101,271,4308996,NO 15/9-F-12 H
2102,275,4309271,NO 15/9-F-12 H
2103,277,4309548,NO 15/9-F-12 H
2104,280,4309828,NO 15/9-F-12 H
2105,272,4310100,NO 15/9-F-12 H
2106,272,4310372,NO 15/9-F-12 H
2107,267,4310639,NO 15/9-F-12 H
2108,274,4310913,NO 15/9-F-12 H
2109,274,4311187,NO 15/9-F-12 H
2110,278,4311465,NO 15/9-F-12 H
2111,274,4311739,NO 15/9-F-12 H
2112,272,4312011,NO 15/9-F-12 H
2113,272,4312283,NO 15/9-F-12 H
2114,273,4312556,NO 15/9-F-12 H
2115,272,4312828,NO 15/9-F-12 H
2116,272,4313100,NO 15/9-F-12 H
2117,270,4313370,NO 15/9-F-12 H
2118,271,4313641,NO 15/9-F-12 H
2119,272,4313913,NO 15/9-F-12 H
2120,281,4314194,NO 15/9-F-12 H
2121,281,4314475,NO 15/9-F-12 H
2122,272,4314747,NO 15/9-F-12 H
2123,265,4315012,NO 15/9-F-12 H
2124,107,4315119,NO 15/9-F-12 H
2125,252,4315371,NO 15/9-F-12 H
2126,265,4315636,NO 15/9-F-12 H
2127,105,4315741,NO 15/9-F-12 H
2128,154,4315895,NO 15/9-F-12 H
2129,0,4315895,NO 15/9-F-12 H
2130,209,4316104,NO 15/9-F-12 H
2131,136,4316240,NO 15/9-F-12 H
2132,215,4316455,NO 15/9-F-12 H
2133,209,4316664,NO 15/9-F-12 H
2134,254,4316918,NO 15/9-F-12 H
2135,284,4317202,NO 15/9-F-12 H
2136,275,4317477,NO 15/9-F-12 H
2137,275,4317752,NO 15/9-F-12 H
2138,152,4317904,NO 15/9-F-12 H
2139,260,4318164,NO 15/9-F-12 H
2140,276,4318440,NO 15/9-F-12 H
2141,275,4318715,NO 15/9-F-12 H
2142,274,4318989,NO 15/9-F-12 H
2143,283,4319272,NO 15/9-F-12 H
2144,241,4319513,NO 15/9-F-12 H
2145,155,4319668,NO 15/9-F-12 H
2146,268,4319936,NO 15/9-F-12 H
2147,274,4320210,NO 15/9-F-12 H
2148,273,4320483,NO 15/9-F-12 H
2149,239,4320722,NO 15/9-F-12 H
2150,276,4320998,NO 15/9-F-12 H
2151,275,4321273,NO 15/9-F-12 H
2152,233,4321506,NO 15/9-F-12 H
2153,171,4321677,NO 15/9-F-12 H
2154,51,4321728,NO 15/9-F-12 H
2155,260,4321988,NO 15/9-F-12 H
2156,270,4322258,NO 15/9-F-12 H
2157,282,4322540,NO 15/9-F-12 H
2158,275,4322815,NO 15/9-F-12 H
2159,276,4323091,NO 15/9-F-12 H
2160,275,4323366,NO 15/9-F-12 H
2161,273,4323639,NO 15/9-F-12 H
2162,276,4323915,NO 15/9-F-12 H
2163,269,4324184,NO 15/9-F-12 H
2164,214,4324398,NO 15/9-F-12 H
2165,204,4324602,NO 15/9-F-12 H
2166,270,4324872,NO 15/9-F-12 H
2167,83,4324955,NO 15/9-F-12 H
2168,0,4324955,NO 15/9-F-12 H
2169,0,4324955,NO 15/9-F-12 H
2170,0,4324955,NO 15/9-F-12 H
2171,0,4324955,NO 15/9-F-12 H
2172,0,4324955,NO 15/9-F-12 H
2173,24,4324979,NO 15/9-F-12 H
2174,112,4325091,NO 15/9-F-12 H
2175,146,4325237,NO 15/9-F-12 H
2176,153,4325390,NO 15/9-F-12 H
2177,71,4325461,NO 15/9-F-12 H
2178,4,4325465,NO 15/9-F-12 H
2179,4,4325469,NO 15/9-F-12 H
2180,254,4325723,NO 15/9-F-12 H
2181,242,4325965,NO 15/9-F-12 H
2182,249,4326214,NO 15/9-F-12 H
2183,250,4326464,NO 15/9-F-12 H
2184,249,4326713,NO 15/9-F-12 H
2185,250,4326963,NO 15/9-F-12 H
2186,130,4327093,NO 15/9-F-12 H
2187,130,4327223,NO 15/9-F-12 H
2188,37,4327260,NO 15/9-F-12 H
2189,246,4327506,NO 15/9-F-12 H
2190,26,4327532,NO 15/9-F-12 H
2191,0,4327532,NO 15/9-F-12 H
2192,227,4327759,NO 15/9-F-12 H
2193,261,4328020,NO 15/9-F-12 H
2194,266,4328286,NO 15/9-F-12 H
2195,219,4328505,NO 15/9-F-12 H
2196,266,4328771,NO 15/9-F-12 H
2197,270,4329041,NO 15/9-F-12 H
2198,188,4329229,NO 15/9-F-12 H
2199,267,4329496,NO 15/9-F-12 H
2200,273,4329769,NO 15/9-F-12 H
2201,276,4330045,NO 15/9-F-12 H
2202,280,4330325,NO 15/9-F-12 H
2203,275,4330600,NO 15/9-F-12 H
2204,276,4330876,NO 15/9-F-12 H
2205,269,4331145,NO 15/9-F-12 H
2206,269,4331414,NO 15/9-F-12 H
2207,267,4331681,NO 15/9-F-12 H
2208,270,4331951,NO 15/9-F-12 H
2209,263,4332214,NO 15/9-F-12 H
2210,263,4332477,NO 15/9-F-12 H
2211,270,4332747,NO 15/9-F-12 H
2212,265,4333012,NO 15/9-F-12 H
2213,267,4333279,NO 15/9-F-12 H
2214,268,4333547,NO 15/9-F-12 H
2215,261,4333808,NO 15/9-F-12 H
2216,259,4334067,NO 15/9-F-12 H
2217,260,4334327,NO 15/9-F-12 H
2218,258,4334585,NO 15/9-F-12 H
2219,256,4334841,NO 15/9-F-12 H
2220,254,4335095,NO 15/9-F-12 H
2221,255,4335350,NO 15/9-F-12 H
2222,253,4335603,NO 15/9-F-12 H
2223,254,4335857,NO 15/9-F-12 H
2224,251,4336108,NO 15/9-F-12 H
2225,253,4336361,NO 15/9-F-12 H
2226,250,4336611,NO 15/9-F-12 H
2227,204,4336815,NO 15/9-F-12 H
2228,241,4337056,NO 15/9-F-12 H
2229,252,4337308,NO 15/9-F-12 H
2230,156,4337464,NO 15/9-F-12 H
2231,221,4337685,NO 15/9-F-12 H
2232,89,4337774,NO 15/9-F-12 H
2233,48,4337822,NO 15/9-F-12 H
2234,269,4338091,NO 15/9-F-12 H
2235,90,4338181,NO 15/9-F-12 H
2236,21,4338202,NO 15/9-F-12 H
2237,104,4338306,NO 15/9-F-12 H
2238,234,4338540,NO 15/9-F-12 H
2239,248,4338788,NO 15/9-F-12 H
2240,247,4339035,NO 15/9-F-12 H
2241,247,4339282,NO 15/9-F-12 H
2242,248,4339530,NO 15/9-F-12 H
2243,207,4339737,NO 15/9-F-12 H
2244,210,4339947,NO 15/9-F-12 H
2245,171,4340118,NO 15/9-F-12 H
2246,12,4340130,NO 15/9-F-12 H
2247,199,4340329,NO 15/9-F-12 H
2248,209,4340538,NO 15/9-F-12 H
2249,202,4340740,NO 15/9-F-12 H
2250,214,4340954,NO 15/9-F-12 H
2251,213,4341167,NO 15/9-F-12 H
2252,211,4341378,NO 15/9-F-12 H
2253,215,4341593,NO 15/9-F-12 H
2254,211,4341804,NO 15/9-F-12 H
2255,210,4342014,NO 15/9-F-12 H
2256,213,4342227,NO 15/9-F-12 H
2257,211,4342438,NO 15/9-F-12 H
2258,211,4342649,NO 15/9-F-12 H
2259,210,4342859,NO 15/9-F-12 H
2260,169,4343028,NO 15/9-F-12 H
2261,138,4343166,NO 15/9-F-12 H
2262,151,4343317,NO 15/9-F-12 H
2263,201,4343518,NO 15/9-F-12 H
2264,163,4343681,NO 15/9-F-12 H
2265,174,4343855,NO 15/9-F-12 H
2266,213,4344068,NO 15/9-F-12 H
2267,213,4344281,NO 15/9-F-12 H
2268,202,4344483,NO 15/9-F-12 H
2269,197,4344680,NO 15/9-F-12 H
2270,194,4344874,NO 15/9-F-12 H
2271,193,4345067,NO 15/9-F-12 H
2272,193,4345260,NO 15/9-F-12 H
2273,191,4345451,NO 15/9-F-12 H
2274,200,4345651,NO 15/9-F-12 H
2275,197,4345848,NO 15/9-F-12 H
2276,196,4346044,NO 15/9-F-12 H
2277,106,4346150,NO 15/9-F-12 H
2278,0,4346150,NO 15/9-F-12 H
2279,0,4346150,NO 15/9-F-12 H
2280,94,4346244,NO 15/9-F-12 H
2281,176,4346420,NO 15/9-F-12 H
2282,178,4346598,NO 15/9-F-12 H
2283,180,4346778,NO 15/9-F-12 H
2284,64,4346842,NO 15/9-F-12 H
2285,0,4346842,NO 15/9-F-12 H
2286,0,4346842,NO 15/9-F-12 H
2287,0,4346842,NO 15/9-F-12 H
2288,0,4346842,NO 15/9-F-12 H
2289,0,4346842,NO 15/9-F-12 H
2290,0,4346842,NO 15/9-F-12 H
2291,0,4346842,NO 15/9-F-12 H
2292,0,4346842,NO 15/9-F-12 H
2293,0,4346842,NO 15/9-F-12 H
2294,1,4346843,NO 15/9-F-12 H
2295,144,4346987,NO 15/9-F-12 H
2296,165,4347152,NO 15/9-F-12 H
2297,189,4347341,NO 15/9-F-12 H
2298,190,4347531,NO 15/9-F-12 H
2299,191,4347722,NO 15/9-F-12 H
2300,195,4347917,NO 15/9-F-12 H
2301,196,4348113,NO 15/9-F-12 H
2302,194,4348307,NO 15/9-F-12 H
2303,195,4348502,NO 15/9-F-12 H
2304,193,4348695,NO 15/9-F-12 H
2305,204,4348899,NO 15/9-F-12 H
2306,204,4349103,NO 15/9-F-12 H
2307,206,4349309,NO 15/9-F-12 H
2308,206,4349515,NO 15/9-F-12 H
2309,232,4349747,NO 15/9-F-12 H
2310,205,4349952,NO 15/9-F-12 H
2311,206,4350158,NO 15/9-F-12 H
2312,205,4350363,NO 15/9-F-12 H
2313,194,4350557,NO 15/9-F-12 H
2314,190,4350747,NO 15/9-F-12 H
2315,191,4350938,NO 15/9-F-12 H
2316,193,4351131,NO 15/9-F-12 H
2317,188,4351319,NO 15/9-F-12 H
2318,187,4351506,NO 15/9-F-12 H
2319,186,4351692,NO 15/9-F-12 H
2320,186,4351878,NO 15/9-F-12 H
2321,184,4352062,NO 15/9-F-12 H
2322,182,4352244,NO 15/9-F-12 H
2323,179,4352423,NO 15/9-F-12 H
2324,188,4352611,NO 15/9-F-12 H
2325,197,4352808,NO 15/9-F-12 H
2326,121,4352929,NO 15/9-F-12 H
2327,174,4353103,NO 15/9-F-12 H
2328,187,4353290,NO 15/9-F-12 H
2329,187,4353477,NO 15/9-F-12 H
2330,192,4353669,NO 15/9-F-12 H
2331,187,4353856,NO 15/9-F-12 H
2332,187,4354043,NO 15/9-F-12 H
2333,187,4354230,NO 15/9-F-12 H
2334,186,4354416,NO 15/9-F-12 H
2335,185,4354601,NO 15/9-F-12 H
2336,185,4354786,NO 15/9-F-12 H
2337,188,4354974,NO 15/9-F-12 H
2338,190,4355164,NO 15/9-F-12 H
2339,189,4355353,NO 15/9-F-12 H
2340,192,4355545,NO 15/9-F-12 H
2341,192,4355737,NO 15/9-F-12 H
2342,189,4355926,NO 15/9-F-12 H
2343,188,4356114,NO 15/9-F-12 H
2344,186,4356300,NO 15/9-F-12 H
2345,189,4356489,NO 15/9-F-12 H
2346,188,4356677,NO 15/9-F-12 H
2347,188,4356865,NO 15/9-F-12 H
2348,186,4357051,NO 15/9-F-12 H
2349,186,4357237,NO 15/9-F-12 H
2350,192,4357429,NO 15/9-F-12 H
2351,191,4357620,NO 15/9-F-12 H
2352,190,4357810,NO 15/9-F-12 H
2353,188,4357998,NO 15/9-F-12 H
2354,191,4358189,NO 15/9-F-12 H
2355,189,4358378,NO 15/9-F-12 H
2356,186,4358564,NO 15/9-F-12 H
2357,189,4358753,NO 15/9-F-12 H
2358,188,4358941,NO 15/9-F-12 H
2359,186,4359127,NO 15/9-F-12 H
2360,154,4359281,NO 15/9-F-12 H
2361,182,4359463,NO 15/9-F-12 H
2362,184,4359647,NO 15/9-F-12 H
2363,185,4359832,NO 15/9-F-12 H
2364,184,4360016,NO 15/9-F-12 H
2365,187,4360203,NO 15/9-F-12 H
2366,180,4360383,NO 15/9-F-12 H
2367,180,4360563,NO 15/9-F-12 H
2368,175,4360738,NO 15/9-F-12 H
2369,173,4360911,NO 15/9-F-12 H
2370,170,4361081,NO 15/9-F-12 H
2371,170,4361251,NO 15/9-F-12 H
2372,176,4361427,NO 15/9-F-12 H
2373,175,4361602,NO 15/9-F-12 H
2374,175,4361777,NO 15/9-F-12 H
2375,175,4361952,NO 15/9-F-12 H
2376,176,4362128,NO 15/9-F-12 H
2377,175,4362303,NO 15/9-F-12 H
2378,175,4362478,NO 15/9-F-12 H
2379,174,4362652,NO 15/9-F-12 H
2380,10,4362662,NO 15/9-F-12 H
2381,0,4362662,NO 15/9-F-12 H
2382,0,4362662,NO 15/9-F-12 H
2383,0,4362662,NO 15/9-F-12 H
2384,0,4362662,NO 15/9-F-12 H
2385,0,4362662,NO 15/9-F-12 H
2386,109,4362771,NO 15/9-F-12 H
2387,187,4362958,NO 15/9-F-12 H
2388,185,4363143,NO 15/9-F-12 H
2389,190,4363333,NO 15/9-F-12 H
2390,194,4363527,NO 15/9-F-12 H
2391,190,4363717,NO 15/9-F-12 H
2392,194,4363911,NO 15/9-F-12 H
2393,190,4364101,NO 15/9-F-12 H
2394,211,4364312,NO 15/9-F-12 H
2395,188,4364500,NO 15/9-F-12 H
2396,176,4364676,NO 15/9-F-12 H
2397,173,4364849,NO 15/9-F-12 H
2398,174,4365023,NO 15/9-F-12 H
2399,172,4365195,NO 15/9-F-12 H
2400,171,4365366,NO 15/9-F-12 H
2401,171,4365537,NO 15/9-F-12 H
2402,171,4365708,NO 15/9-F-12 H
2403,168,4365876,NO 15/9-F-12 H
2404,174,4366050,NO 15/9-F-12 H
2405,173,4366223,NO 15/9-F-12 H
2406,171,4366394,NO 15/9-F-12 H
2407,175,4366569,NO 15/9-F-12 H
2408,173,4366742,NO 15/9-F-12 H
2409,174,4366916,NO 15/9-F-12 H
2410,174,4367090,NO 15/9-F-12 H
2411,173,4367263,NO 15/9-F-12 H
2412,178,4367441,NO 15/9-F-12 H
2413,174,4367615,NO 15/9-F-12 H
2414,174,4367789,NO 15/9-F-12 H
2415,174,4367963,NO 15/9-F-12 H
2416,174,4368137,NO 15/9-F-12 H
2417,174,4368311,NO 15/9-F-12 H
2418,174,4368485,NO 15/9-F-12 H
2419,173,4368658,NO 15/9-F-12 H
2420,172,4368830,NO 15/9-F-12 H
2421,9,4368839,NO 15/9-F-12 H
2422,137,4368976,NO 15/9-F-12 H
2423,166,4369142,NO 15/9-F-12 H
2424,176,4369318,NO 15/9-F-12 H
2425,160,4369478,NO 15/9-F-12 H
2426,168,4369646,NO 15/9-F-12 H
2427,166,4369812,NO 15/9-F-12 H
2428,165,4369977,NO 15/9-F-12 H
2429,166,4370143,NO 15/9-F-12 H
2430,164,4370307,NO 15/9-F-12 H
2431,177,4370484,NO 15/9-F-12 H
2432,180,4370664,NO 15/9-F-12 H
2433,177,4370841,NO 15/9-F-12 H
2434,177,4371018,NO 15/9-F-12 H
2435,175,4371193,NO 15/9-F-12 H
2436,175,4371368,NO 15/9-F-12 H
2437,175,4371543,NO 15/9-F-12 H
2438,174,4371717,NO 15/9-F-12 H
2439,174,4371891,NO 15/9-F-12 H
2440,175,4372066,NO 15/9-F-12 H
2441,175,4372241,NO 15/9-F-12 H
2442,174,4372415,NO 15/9-F-12 H
2443,177,4372592,NO 15/9-F-12 H
2444,176,4372768,NO 15/9-F-12 H
2445,176,4372944,NO 15/9-F-12 H
2446,177,4373121,NO 15/9-F-12 H
2447,179,4373300,NO 15/9-F-12 H
2448,187,4373487,NO 15/9-F-12 H
2449,179,4373666,NO 15/9-F-12 H
2450,179,4373845,NO 15/9-F-12 H
2451,160,4374005,NO 15/9-F-12 H
2452,177,4374182,NO 15/9-F-12 H
2453,179,4374361,NO 15/9-F-12 H
2454,177,4374538,NO 15/9-F-12 H
2455,180,4374718,NO 15/9-F-12 H
2456,190,4374908,NO 15/9-F-12 H
2457,188,4375096,NO 15/9-F-12 H
2458,185,4375281,NO 15/9-F-12 H
2459,185,4375466,NO 15/9-F-12 H
2460,190,4375656,NO 15/9-F-12 H
2461,189,4375845,NO 15/9-F-12 H
2462,188,4376033,NO 15/9-F-12 H
2463,179,4376212,NO 15/9-F-12 H
2464,186,4376398,NO 15/9-F-12 H
2465,187,4376585,NO 15/9-F-12 H
2466,185,4376770,NO 15/9-F-12 H
2467,184,4376954,NO 15/9-F-12 H
2468,186,4377140,NO 15/9-F-12 H
2469,184,4377324,NO 15/9-F-12 H
2470,181,4377505,NO 15/9-F-12 H
2471,186,4377691,NO 15/9-F-12 H
2472,182,4377873,NO 15/9-F-12 H
2473,184,4378057,NO 15/9-F-12 H
2474,183,4378240,NO 15/9-F-12 H
2475,183,4378423,NO 15/9-F-12 H
2476,176,4378599,NO 15/9-F-12 H
2477,51,4378650,NO 15/9-F-12 H
2478,0,4378650,NO 15/9-F-12 H
2479,0,4378650,NO 15/9-F-12 H
2480,0,4378650,NO 15/9-F-12 H
2481,59,4378709,NO 15/9-F-12 H
2482,146,4378855,NO 15/9-F-12 H
2483,0,4378855,NO 15/9-F-12 H
2484,0,4378855,NO 15/9-F-12 H
2485,0,4378855,NO 15/9-F-12 H
2486,0,4378855,NO 15/9-F-12 H
2487,0,4378855,NO 15/9-F-12 H
2488,0,4378855,NO 15/9-F-12 H
2489,0,4378855,NO 15/9-F-12 H
2490,0,4378855,NO 15/9-F-12 H
2491,0,4378855,NO 15/9-F-12 H
2492,0,4378855,NO 15/9-F-12 H
2493,0,4378855,NO 15/9-F-12 H
2494,0,4378855,NO 15/9-F-12 H
2495,0,4378855,NO 15/9-F-12 H
2496,0,4378855,NO 15/9-F-12 H
2497,0,4378855,NO 15/9-F-12 H
2498,0,4378855,NO 15/9-F-12 H
2499,0,4378855,NO 15/9-F-12 H
2500,0,4378855,NO 15/9-F-12 H
2501,0,4378855,NO 15/9-F-12 H
2502,0,4378855,NO 15/9-F-12 H
2503,0,4378855,NO 15/9-F-12 H
2504,0,4378855,NO 15/9-F-12 H
2505,0,4378855,NO 15/9-F-12 H
2506,0,4378855,NO 15/9-F-12 H
2507,0,4378855,NO 15/9-F-12 H
2508,0,4378855,NO 15/9-F-12 H
2509,0,4378855,NO 15/9-F-12 H
2510,0,4378855,NO 15/9-F-12 H
2511,0,4378855,NO 15/9-F-12 H
2512,0,4378855,NO 15/9-F-12 H
2513,0,4378855,NO 15/9-F-12 H
2514,0,4378855,NO 15/9-F-12 H
2515,15,4378870,NO 15/9-F-12 H
2516,783,4379653,NO 15/9-F-12 H
2517,871,4380524,NO 15/9-F-12 H
2518,855,4381379,NO 15/9-F-12 H
2519,839,4382218,NO 15/9-F-12 H
2520,834,4383052,NO 15/9-F-12 H
2521,859,4383911,NO 15/9-F-12 H
2522,830,4384741,NO 15/9-F-12 H
2523,533,4385274,NO 15/9-F-12 H
2524,786,4386060,NO 15/9-F-12 H
2525,1070,4387130,NO 15/9-F-12 H
2526,860,4387990,NO 15/9-F-12 H
2527,866,4388856,NO 15/9-F-12 H
2528,775,4389631,NO 15/9-F-12 H
2529,827,4390458,NO 15/9-F-12 H
2530,839,4391297,NO 15/9-F-12 H
2531,777,4392074,NO 15/9-F-12 H
2532,820,4392894,NO 15/9-F-12 H
2533,829,4393723,NO 15/9-F-12 H
2534,768,4394491,NO 15/9-F-12 H
2535,948,4395439,NO 15/9-F-12 H
2536,944,4396383,NO 15/9-F-12 H
2537,925,4397308,NO 15/9-F-12 H
2538,902,4398210,NO 15/9-F-12 H
2539,891,4399101,NO 15/9-F-12 H
2540,887,4399988,NO 15/9-F-12 H
2541,944,4400932,NO 15/9-F-12 H
2542,928,4401860,NO 15/9-F-12 H
2543,925,4402785,NO 15/9-F-12 H
2544,899,4403684,NO 15/9-F-12 H
2545,886,4404570,NO 15/9-F-12 H
2546,914,4405484,NO 15/9-F-12 H
2547,876,4406360,NO 15/9-F-12 H
2548,873,4407233,NO 15/9-F-12 H
2549,554,4407787,NO 15/9-F-12 H
2550,89,4407876,NO 15/9-F-12 H
2551,1162,4409038,NO 15/9-F-12 H
2552,811,4409849,NO 15/9-F-12 H
2553,433,4410282,NO 15/9-F-12 H
2554,381,4410663,NO 15/9-F-12 H
2555,812,4411475,NO 15/9-F-12 H
2556,709,4412184,NO 15/9-F-12 H
2557,697,4412881,NO 15/9-F-12 H
2558,710,4413591,NO 15/9-F-12 H
2559,706,4414297,NO 15/9-F-12 H
2560,704,4415001,NO 15/9-F-12 H
2561,702,4415703,NO 15/9-F-12 H
2562,684,4416387,NO 15/9-F-12 H
2563,716,4417103,NO 15/9-F-12 H
2564,724,4417827,NO 15/9-F-12 H
2565,707,4418534,NO 15/9-F-12 H
2566,690,4419224,NO 15/9-F-12 H
2567,717,4419941,NO 15/9-F-12 H
2568,716,4420657,NO 15/9-F-12 H
2569,699,4421356,NO 15/9-F-12 H
2570,706,4422062,NO 15/9-F-12 H
2571,705,4422767,NO 15/9-F-12 H
2572,709,4423476,NO 15/9-F-12 H
2573,671,4424147,NO 15/9-F-12 H
2574,716,4424863,NO 15/9-F-12 H
2575,714,4425577,NO 15/9-F-12 H
2576,717,4426294,NO 15/9-F-12 H
2577,716,4427010,NO 15/9-F-12 H
2578,719,4427729,NO 15/9-F-12 H
2579,698,4428427,NO 15/9-F-12 H
2580,694,4429121,NO 15/9-F-12 H
2581,692,4429813,NO 15/9-F-12 H
2582,707,4430520,NO 15/9-F-12 H
2583,706,4431226,NO 15/9-F-12 H
2584,707,4431933,NO 15/9-F-12 H
2585,708,4432641,NO 15/9-F-12 H
2586,700,4433341,NO 15/9-F-12 H
2587,708,4434049,NO 15/9-F-12 H
2588,704,4434753,NO 15/9-F-12 H
2589,712,4435465,NO 15/9-F-12 H
2590,721,4436186,NO 15/9-F-12 H
2591,723,4436909,NO 15/9-F-12 H
2592,714,4437623,NO 15/9-F-12 H
2593,733,4438356,NO 15/9-F-12 H
2594,741,4439097,NO 15/9-F-12 H
2595,91,4439188,NO 15/9-F-12 H
2596,0,4439188,NO 15/9-F-12 H
2597,0,4439188,NO 15/9-F-12 H
2598,44,4439232,NO 15/9-F-12 H
2599,736,4439968,NO 15/9-F-12 H
2600,742,4440710,NO 15/9-F-12 H
2601,707,4441417,NO 15/9-F-12 H
2602,667,4442084,NO 15/9-F-12 H
2603,698,4442782,NO 15/9-F-12 H
2604,708,4443490,NO 15/9-F-12 H
2605,681,4444171,NO 15/9-F-12 H
2606,697,4444868,NO 15/9-F-12 H
2607,692,4445560,NO 15/9-F-12 H
2608,692,4446252,NO 15/9-F-12 H
2609,688,4446940,NO 15/9-F-12 H
2610,688,4447628,NO 15/9-F-12 H
2611,681,4448309,NO 15/9-F-12 H
2612,683,4448992,NO 15/9-F-12 H
2613,681,4449673,NO 15/9-F-12 H
2614,674,4450347,NO 15/9-F-12 H
2615,677,4451024,NO 15/9-F-12 H
2616,678,4451702,NO 15/9-F-12 H
2617,677,4452379,NO 15/9-F-12 H
2618,682,4453061,NO 15/9-F-12 H
2619,682,4453743,NO 15/9-F-12 H
2620,688,4454431,NO 15/9-F-12 H
2621,696,4455127,NO 15/9-F-12 H
2622,690,4455817,NO 15/9-F-12 H
2623,695,4456512,NO 15/9-F-12 H
2624,697,4457209,NO 15/9-F-12 H
2625,703,4457912,NO 15/9-F-12 H
2626,703,4458615,NO 15/9-F-12 H
2627,591,4459206,NO 15/9-F-12 H
2628,588,4459794,NO 15/9-F-12 H
2629,582,4460376,NO 15/9-F-12 H
2630,582,4460958,NO 15/9-F-12 H
2631,585,4461543,NO 15/9-F-12 H
2632,580,4462123,NO 15/9-F-12 H
2633,580,4462703,NO 15/9-F-12 H
2634,583,4463286,NO 15/9-F-12 H
2635,583,4463869,NO 15/9-F-12 H
2636,578,4464447,NO 15/9-F-12 H
2637,570,4465017,NO 15/9-F-12 H
2638,560,4465577,NO 15/9-F-12 H
2639,559,4466136,NO 15/9-F-12 H
2640,548,4466684,NO 15/9-F-12 H
2641,549,4467233,NO 15/9-F-12 H
2642,543,4467776,NO 15/9-F-12 H
2643,545,4468321,NO 15/9-F-12 H
2644,546,4468867,NO 15/9-F-12 H
2645,547,4469414,NO 15/9-F-12 H
2646,546,4469960,NO 15/9-F-12 H
2647,540,4470500,NO 15/9-F-12 H
2648,556,4471056,NO 15/9-F-12 H
2649,555,4471611,NO 15/9-F-12 H
2650,559,4472170,NO 15/9-F-12 H
2651,557,4472727,NO 15/9-F-12 H
2652,554,4473281,NO 15/9-F-12 H
2653,558,4473839,NO 15/9-F-12 H
2654,557,4474396,NO 15/9-F-12 H
2655,550,4474946,NO 15/9-F-12 H
2656,542,4475488,NO 15/9-F-12 H
2657,514,4476002,NO 15/9-F-12 H
2658,550,4476552,NO 15/9-F-12 H
2659,519,4477071,NO 15/9-F-12 H
2660,536,4477607,NO 15/9-F-12 H
2661,526,4478133,NO 15/9-F-12 H
2662,537,4478670,NO 15/9-F-12 H
2663,541,4479211,NO 15/9-F-12 H
2664,535,4479746,NO 15/9-F-12 H
2665,535,4480281,NO 15/9-F-12 H
2666,569,4480850,NO 15/9-F-12 H
2667,603,4481453,NO 15/9-F-12 H
2668,598,4482051,NO 15/9-F-12 H
2669,608,4482659,NO 15/9-F-12 H
2670,630,4483289,NO 15/9-F-12 H
2671,628,4483917,NO 15/9-F-12 H
2672,234,4484151,NO 15/9-F-12 H
2673,609,4484760,NO 15/9-F-12 H
2674,647,4485407,NO 15/9-F-12 H
2675,693,4486100,NO 15/9-F-12 H
2676,700,4486800,NO 15/9-F-12 H
2677,702,4487502,NO 15/9-F-12 H
2678,693,4488195,NO 15/9-F-12 H
2679,680,4488875,NO 15/9-F-12 H
2680,683,4489558,NO 15/9-F-12 H
2681,676,4490234,NO 15/9-F-12 H
2682,673,4490907,NO 15/9-F-12 H
2683,672,4491579,NO 15/9-F-12 H
2684,662,4492241,NO 15/9-F-12 H
2685,680,4492921,NO 15/9-F-12 H
2686,675,4493596,NO 15/9-F-12 H
2687,689,4494285,NO 15/9-F-12 H
2688,681,4494966,NO 15/9-F-12 H
2689,683,4495649,NO 15/9-F-12 H
2690,681,4496330,NO 15/9-F-12 H
2691,666,4496996,NO 15/9-F-12 H
2692,675,4497671,NO 15/9-F-12 H
2693,714,4498385,NO 15/9-F-12 H
2694,713,4499098,NO 15/9-F-12 H
2695,720,4499818,NO 15/9-F-12 H
2696,665,4500483,NO 15/9-F-12 H
2697,726,4501209,NO 15/9-F-12 H
2698,723,4501932,NO 15/9-F-12 H
2699,712,4502644,NO 15/9-F-12 H
2700,708,4503352,NO 15/9-F-12 H
2701,701,4504053,NO 15/9-F-12 H
2702,698,4504751,NO 15/9-F-12 H
2703,689,4505440,NO 15/9-F-12 H
2704,684,4506124,NO 15/9-F-12 H
2705,679,4506803,NO 15/9-F-12 H
2706,667,4507470,NO 15/9-F-12 H
2707,663,4508133,NO 15/9-F-12 H
2708,610,4508743,NO 15/9-F-12 H
2709,600,4509343,NO 15/9-F-12 H
2710,592,4509935,NO 15/9-F-12 H
2711,585,4510520,NO 15/9-F-12 H
2712,581,4511101,NO 15/9-F-12 H
2713,580,4511681,NO 15/9-F-12 H
2714,571,4512252,NO 15/9-F-12 H
2715,567,4512819,NO 15/9-F-12 H
2716,572,4513391,NO 15/9-F-12 H
2717,577,4513968,NO 15/9-F-12 H
2718,577,4514545,NO 15/9-F-12 H
2719,572,4515117,NO 15/9-F-12 H
2720,566,4515683,NO 15/9-F-12 H
2721,559,4516242,NO 15/9-F-12 H
2722,554,4516796,NO 15/9-F-12 H
2723,545,4517341,NO 15/9-F-12 H
2724,555,4517896,NO 15/9-F-12 H
2725,545,4518441,NO 15/9-F-12 H
2726,534,4518975,NO 15/9-F-12 H
2727,531,4519506,NO 15/9-F-12 H
2728,531,4520037,NO 15/9-F-12 H
2729,526,4520563,NO 15/9-F-12 H
2730,528,4521091,NO 15/9-F-12 H
2731,530,4521621,NO 15/9-F-12 H
2732,521,4522142,NO 15/9-F-12 H
2733,516,4522658,NO 15/9-F-12 H
2734,506,4523164,NO 15/9-F-12 H
2735,510,4523674,NO 15/9-F-12 H
2736,507,4524181,NO 15/9-F-12 H
2737,500,4524681,NO 15/9-F-12 H
2738,504,4525185,NO 15/9-F-12 H
2739,500,4525685,NO 15/9-F-12 H
2740,501,4526186,NO 15/9-F-12 H
2741,501,4526687,NO 15/9-F-12 H
2742,500,4527187,NO 15/9-F-12 H
2743,494,4527681,NO 15/9-F-12 H
2744,497,4528178,NO 15/9-F-12 H
2745,502,4528680,NO 15/9-F-12 H
2746,501,4529181,NO 15/9-F-12 H
2747,497,4529678,NO 15/9-F-12 H
2748,496,4530174,NO 15/9-F-12 H
2749,485,4530659,NO 15/9-F-12 H
2750,483,4531142,NO 15/9-F-12 H
2751,482,4531624,NO 15/9-F-12 H
2752,323,4531947,NO 15/9-F-12 H
2753,0,4531947,NO 15/9-F-12 H
2754,0,4531947,NO 15/9-F-12 H
2755,0,4531947,NO 15/9-F-12 H
2756,0,4531947,NO 15/9-F-12 H
2757,500,4532447,NO 15/9-F-12 H
2758,469,4532916,NO 15/9-F-12 H
2759,443,4533359,NO 15/9-F-12 H
2760,430,4533789,NO 15/9-F-12 H
2761,414,4534203,NO 15/9-F-12 H
2762,430,4534633,NO 15/9-F-12 H
2763,416,4535049,NO 15/9-F-12 H
2764,413,4535462,NO 15/9-F-12 H
2765,409,4535871,NO 15/9-F-12 H
2766,410,4536281,NO 15/9-F-12 H
2767,408,4536689,NO 15/9-F-12 H
2768,410,4537099,NO 15/9-F-12 H
2769,415,4537514,NO 15/9-F-12 H
2770,412,4537926,NO 15/9-F-12 H
2771,401,4538327,NO 15/9-F-12 H
2772,415,4538742,NO 15/9-F-12 H
2773,419,4539161,NO 15/9-F-12 H
2774,415,4539576,NO 15/9-F-12 H
2775,432,4540008,NO 15/9-F-12 H
2776,419,4540427,NO 15/9-F-12 H
2777,401,4540828,NO 15/9-F-12 H
2778,425,4541253,NO 15/9-F-12 H
2779,351,4541604,NO 15/9-F-12 H
2780,427,4542031,NO 15/9-F-12 H
2781,426,4542457,NO 15/9-F-12 H
2782,423,4542880,NO 15/9-F-12 H
2783,425,4543305,NO 15/9-F-12 H
2784,419,4543724,NO 15/9-F-12 H
2785,418,4544142,NO 15/9-F-12 H
2786,416,4544558,NO 15/9-F-12 H
2787,386,4544944,NO 15/9-F-12 H
2788,392,4545336,NO 15/9-F-12 H
2789,408,4545744,NO 15/9-F-12 H
2790,405,4546149,NO 15/9-F-12 H
2791,402,4546551,NO 15/9-F-12 H
2792,400,4546951,NO 15/9-F-12 H
2793,398,4547349,NO 15/9-F-12 H
2794,399,4547748,NO 15/9-F-12 H
2795,393,4548141,NO 15/9-F-12 H
2796,400,4548541,NO 15/9-F-12 H
2797,399,4548940,NO 15/9-F-12 H
2798,400,4549340,NO 15/9-F-12 H
2799,396,4549736,NO 15/9-F-12 H
2800,348,4550084,NO 15/9-F-12 H
2801,387,4550471,NO 15/9-F-12 H
2802,386,4550857,NO 15/9-F-12 H
2803,397,4551254,NO 15/9-F-12 H
2804,393,4551647,NO 15/9-F-12 H
2805,394,4552041,NO 15/9-F-12 H
2806,382,4552423,NO 15/9-F-12 H
2807,383,4552806,NO 15/9-F-12 H
2808,380,4553186,NO 15/9-F-12 H
2809,380,4553566,NO 15/9-F-12 H
2810,375,4553941,NO 15/9-F-12 H
2811,371,4554312,NO 15/9-F-12 H
2812,392,4554704,NO 15/9-F-12 H
2813,343,4555047,NO 15/9-F-12 H
2814,343,4555390,NO 15/9-F-12 H
2815,372,4555762,NO 15/9-F-12 H
2816,316,4556078,NO 15/9-F-12 H
2817,365,4556443,NO 15/9-F-12 H
2818,390,4556833,NO 15/9-F-12 H
2819,393,4557226,NO 15/9-F-12 H
2820,375,4557601,NO 15/9-F-12 H
2821,377,4557978,NO 15/9-F-12 H
2822,390,4558368,NO 15/9-F-12 H
2823,395,4558763,NO 15/9-F-12 H
2824,364,4559127,NO 15/9-F-12 H
2825,358,4559485,NO 15/9-F-12 H
2826,348,4559833,NO 15/9-F-12 H
2827,322,4560155,NO 15/9-F-12 H
2828,319,4560474,NO 15/9-F-12 H
2829,336,4560810,NO 15/9-F-12 H
2830,394,4561204,NO 15/9-F-12 H
2831,391,4561595,NO 15/9-F-12 H
2832,399,4561994,NO 15/9-F-12 H
2833,401,4562395,NO 15/9-F-12 H
2834,401,4562796,NO 15/9-F-12 H
2835,399,4563195,NO 15/9-F-12 H
2836,394,4563589,NO 15/9-F-12 H
2837,407,4563996,NO 15/9-F-12 H
2838,389,4564385,NO 15/9-F-12 H
2839,400,4564785,NO 15/9-F-12 H
2840,389,4565174,NO 15/9-F-12 H
2841,390,4565564,NO 15/9-F-12 H
2842,387,4565951,NO 15/9-F-12 H
2843,383,4566334,NO 15/9-F-12 H
2844,380,4566714,NO 15/9-F-12 H
2845,377,4567091,NO 15/9-F-12 H
2846,374,4567465,NO 15/9-F-12 H
2847,370,4567835,NO 15/9-F-12 H
2848,367,4568202,NO 15/9-F-12 H
2849,362,4568564,NO 15/9-F-12 H
2850,360,4568924,NO 15/9-F-12 H
2851,361,4569285,NO 15/9-F-12 H
2852,355,4569640,NO 15/9-F-12 H
2853,371,4570011,NO 15/9-F-12 H
2854,366,4570377,NO 15/9-F-12 H
2855,369,4570746,NO 15/9-F-12 H
2856,368,4571114,NO 15/9-F-12 H
2857,155,4571269,NO 15/9-F-12 H
2858,414,4571683,NO 15/9-F-12 H
2859,385,4572068,NO 15/9-F-12 H
2860,378,4572446,NO 15/9-F-12 H
2861,372,4572818,NO 15/9-F-12 H
2862,369,4573187,NO 15/9-F-12 H
2863,367,4573554,NO 15/9-F-12 H
2864,362,4573916,NO 15/9-F-12 H
2865,365,4574281,NO 15/9-F-12 H
2866,359,4574640,NO 15/9-F-12 H
2867,356,4574996,NO 15/9-F-12 H
2868,351,4575347,NO 15/9-F-12 H
2869,349,4575696,NO 15/9-F-12 H
2870,346,4576042,NO 15/9-F-12 H
2871,345,4576387,NO 15/9-F-12 H
2872,342,4576729,NO 15/9-F-12 H
2873,341,4577070,NO 15/9-F-12 H
2874,338,4577408,NO 15/9-F-12 H
2875,330,4577738,NO 15/9-F-12 H
2876,333,4578071,NO 15/9-F-12 H
2877,331,4578402,NO 15/9-F-12 H
2878,331,4578733,NO 15/9-F-12 H
2879,328,4579061,NO 15/9-F-12 H
2880,327,4579388,NO 15/9-F-12 H
2881,320,4579708,NO 15/9-F-12 H
2882,226,4579934,NO 15/9-F-12 H
2883,255,4580189,NO 15/9-F-12 H
2884,323,4580512,NO 15/9-F-12 H
2885,319,4580831,NO 15/9-F-12 H
2886,321,4581152,NO 15/9-F-12 H
2887,323,4581475,NO 15/9-F-12 H
2888,324,4581799,NO 15/9-F-12 H
2889,325,4582124,NO 15/9-F-12 H
2890,328,4582452,NO 15/9-F-12 H
2891,330,4582782,NO 15/9-F-12 H
2892,295,4583077,NO 15/9-F-12 H
2893,333,4583410,NO 15/9-F-12 H
2894,333,4583743,NO 15/9-F-12 H
2895,331,4584074,NO 15/9-F-12 H
2896,327,4584401,NO 15/9-F-12 H
2897,325,4584726,NO 15/9-F-12 H
2898,315,4585041,NO 15/9-F-12 H
2899,264,4585305,NO 15/9-F-12 H
2900,304,4585609,NO 15/9-F-12 H
2901,290,4585899,NO 15/9-F-12 H
2902,299,4586198,NO 15/9-F-12 H
2903,303,4586501,NO 15/9-F-12 H
2904,304,4586805,NO 15/9-F-12 H
2905,272,4587077,NO 15/9-F-12 H
2906,308,4587385,NO 15/9-F-12 H
2907,294,4587679,NO 15/9-F-12 H
2908,295,4587974,NO 15/9-F-12 H
2909,294,4588268,NO 15/9-F-12 H
2910,289,4588557,NO 15/9-F-12 H
2911,287,4588844,NO 15/9-F-12 H
2912,287,4589131,NO 15/9-F-12 H
2913,282,4589413,NO 15/9-F-12 H
2914,244,4589657,NO 15/9-F-12 H
2915,289,4589946,NO 15/9-F-12 H
2916,284,4590230,NO 15/9-F-12 H
2917,277,4590507,NO 15/9-F-12 H
2918,277,4590784,NO 15/9-F-12 H
2919,278,4591062,NO 15/9-F-12 H
2920,275,4591337,NO 15/9-F-12 H
2921,278,4591615,NO 15/9-F-12 H
2922,263,4591878,NO 15/9-F-12 H
2923,255,4592133,NO 15/9-F-12 H
2924,260,4592393,NO 15/9-F-12 H
2925,259,4592652,NO 15/9-F-12 H
2926,257,4592909,NO 15/9-F-12 H
2927,256,4593165,NO 15/9-F-12 H
2928,251,4593416,NO 15/9-F-12 H
2929,243,4593659,NO 15/9-F-12 H
2930,251,4593910,NO 15/9-F-12 H
2931,239,4594149,NO 15/9-F-12 H
2932,244,4594393,NO 15/9-F-12 H
2933,243,4594636,NO 15/9-F-12 H
2934,243,4594879,NO 15/9-F-12 H
2935,248,4595127,NO 15/9-F-12 H
2936,269,4595396,NO 15/9-F-12 H
2937,267,4595663,NO 15/9-F-12 H
2938,271,4595934,NO 15/9-F-12 H
2939,269,4596203,NO 15/9-F-12 H
2940,273,4596476,NO 15/9-F-12 H
2941,269,4596745,NO 15/9-F-12 H
2942,266,4597011,NO 15/9-F-12 H
2943,264,4597275,NO 15/9-F-12 H
2944,260,4597535,NO 15/9-F-12 H
2945,260,4597795,NO 15/9-F-12 H
2946,257,4598052,NO 15/9-F-12 H
2947,254,4598306,NO 15/9-F-12 H
2948,251,4598557,NO 15/9-F-12 H
2949,251,4598808,NO 15/9-F-12 H
2950,248,4599056,NO 15/9-F-12 H
2951,247,4599303,NO 15/9-F-12 H
2952,238,4599541,NO 15/9-F-12 H
2953,245,4599786,NO 15/9-F-12 H
2954,243,4600029,NO 15/9-F-12 H
2955,246,4600275,NO 15/9-F-12 H
2956,234,4600509,NO 15/9-F-12 H
2957,230,4600739,NO 15/9-F-12 H
2958,228,4600967,NO 15/9-F-12 H
2959,230,4601197,NO 15/9-F-12 H
2960,227,4601424,NO 15/9-F-12 H
2961,220,4601644,NO 15/9-F-12 H
2962,218,4601862,NO 15/9-F-12 H
2963,220,4602082,NO 15/9-F-12 H
2964,221,4602303,NO 15/9-F-12 H
2965,217,4602520,NO 15/9-F-12 H
2966,206,4602726,NO 15/9-F-12 H
2967,212,4602938,NO 15/9-F-12 H
2968,213,4603151,NO 15/9-F-12 H
2969,208,4603359,NO 15/9-F-12 H
2970,204,4603563,NO 15/9-F-12 H
2971,200,4603763,NO 15/9-F-12 H
2972,197,4603960,NO 15/9-F-12 H
2973,199,4604159,NO 15/9-F-12 H
2974,199,4604358,NO 15/9-F-12 H
2975,198,4604556,NO 15/9-F-12 H
2976,167,4604723,NO 15/9-F-12 H
2977,197,4604920,NO 15/9-F-12 H
2978,223,4605143,NO 15/9-F-12 H
2979,217,4605360,NO 15/9-F-12 H
2980,216,4605576,NO 15/9-F-12 H
2981,211,4605787,NO 15/9-F-12 H
2982,205,4605992,NO 15/9-F-12 H
2983,204,4606196,NO 15/9-F-12 H
2984,206,4606402,NO 15/9-F-12 H
2985,200,4606602,NO 15/9-F-12 H
2986,211,4606813,NO 15/9-F-12 H
2987,219,4607032,NO 15/9-F-12 H
2988,187,4607219,NO 15/9-F-12 H
2989,224,4607443,NO 15/9-F-12 H
2990,217,4607660,NO 15/9-F-12 H
2991,210,4607870,NO 15/9-F-12 H
2992,199,4608069,NO 15/9-F-12 H
2993,207,4608276,NO 15/9-F-12 H
2994,202,4608478,NO 15/9-F-12 H
2995,207,4608685,NO 15/9-F-12 H
2996,212,4608897,NO 15/9-F-12 H
2997,209,4609106,NO 15/9-F-12 H
2998,211,4609317,NO 15/9-F-12 H
2999,199,4609516,NO 15/9-F-12 H
3000,199,4609715,NO 15/9-F-12 H
3001,194,4609909,NO 15/9-F-12 H
3002,201,4610110,NO 15/9-F-12 H
3003,201,4610311,NO 15/9-F-12 H
3004,199,4610510,NO 15/9-F-12 H
3005,200,4610710,NO 15/9-F-12 H
3006,201,4610911,NO 15/9-F-12 H
3007,200,4611111,NO 15/9-F-12 H
3008,200,4611311,NO 15/9-F-12 H
3009,197,4611508,NO 15/9-F-12 H
3010,195,4611703,NO 15/9-F-12 H
3011,194,4611897,NO 15/9-F-12 H
3012,193,4612090,NO 15/9-F-12 H
3013,191,4612281,NO 15/9-F-12 H
3014,190,4612471,NO 15/9-F-12 H
3015,146,4612617,NO 15/9-F-12 H
3016,191,4612808,NO 15/9-F-12 H
3017,188,4612996,NO 15/9-F-12 H
3018,187,4613183,NO 15/9-F-12 H
3019,185,4613368,NO 15/9-F-12 H
3020,185,4613553,NO 15/9-F-12 H
3021,182,4613735,NO 15/9-F-12 H
3022,183,4613918,NO 15/9-F-12 H
3023,184,4614102,NO 15/9-F-12 H
3024,185,4614287,NO 15/9-F-12 H
3025,186,4614473,NO 15/9-F-12 H
3026,186,4614659,NO 15/9-F-12 H
3027,184,4614843,NO 15/9-F-12 H
3028,185,4615028,NO 15/9-F-12 H
3029,183,4615211,NO 15/9-F-12 H
3030,182,4615393,NO 15/9-F-12 H
3031,186,4615579,NO 15/9-F-12 H
3032,186,4615765,NO 15/9-F-12 H
3033,184,4615949,NO 15/9-F-12 H
3034,176,4616125,NO 15/9-F-12 H
3035,186,4616311,NO 15/9-F-12 H
3036,187,4616498,NO 15/9-F-12 H
3037,187,4616685,NO 15/9-F-12 H
3038,188,4616873,NO 15/9-F-12 H
3039,117,4616990,NO 15/9-F-12 H
3040,96,4617086,NO 15/9-F-12 H
3041,188,4617274,NO 15/9-F-12 H
3042,188,4617462,NO 15/9-F-12 H
3043,179,4617641,NO 15/9-F-12 H
3044,188,4617829,NO 15/9-F-12 H
3045,188,4618017,NO 15/9-F-12 H
3046,187,4618204,NO 15/9-F-12 H
3047,189,4618393,NO 15/9-F-12 H
3048,186,4618579,NO 15/9-F-12 H
3049,186,4618765,NO 15/9-F-12 H
3050,187,4618952,NO 15/9-F-12 H
3051,187,4619139,NO 15/9-F-12 H
3052,186,4619325,NO 15/9-F-12 H
3053,186,4619511,NO 15/9-F-12 H
3054,186,4619697,NO 15/9-F-12 H
3055,186,4619883,NO 15/9-F-12 H
3056,185,4620068,NO 15/9-F-12 H
3057,185,4620253,NO 15/9-F-12 H
3058,183,4620436,NO 15/9-F-12 H
3059,184,4620620,NO 15/9-F-12 H
3060,184,4620804,NO 15/9-F-12 H
3061,183,4620987,NO 15/9-F-12 H
3062,185,4621172,NO 15/9-F-12 H
3063,183,4621355,NO 15/9-F-12 H
3064,185,4621540,NO 15/9-F-12 H
3065,181,4621721,NO 15/9-F-12 H
3066,184,4621905,NO 15/9-F-12 H
3067,177,4622082,NO 15/9-F-12 H
3068,182,4622264,NO 15/9-F-12 H
3069,182,4622446,NO 15/9-F-12 H
3070,176,4622622,NO 15/9-F-12 H
3071,189,4622811,NO 15/9-F-12 H
3072,181,4622992,NO 15/9-F-12 H
3073,190,4623182,NO 15/9-F-12 H
3074,106,4623288,NO 15/9-F-12 H
3075,48,4623336,NO 15/9-F-12 H
3076,38,4623374,NO 15/9-F-12 H
3077,184,4623558,NO 15/9-F-12 H
3078,81,4623639,NO 15/9-F-12 H
3079,126,4623765,NO 15/9-F-12 H
3080,144,4623909,NO 15/9-F-12 H
3081,145,4624054,NO 15/9-F-12 H
3082,143,4624197,NO 15/9-F-12 H
3083,135,4624332,NO 15/9-F-12 H
3084,136,4624468,NO 15/9-F-12 H
3085,140,4624608,NO 15/9-F-12 H
3086,134,4624742,NO 15/9-F-12 H
3087,130,4624872,NO 15/9-F-12 H
3088,127,4624999,NO 15/9-F-12 H
3089,129,4625128,NO 15/9-F-12 H
3090,130,4625258,NO 15/9-F-12 H
3091,133,4625391,NO 15/9-F-12 H
3092,132,4625523,NO 15/9-F-12 H
3093,136,4625659,NO 15/9-F-12 H
3094,130,4625789,NO 15/9-F-12 H
3095,123,4625912,NO 15/9-F-12 H
3096,119,4626031,NO 15/9-F-12 H
3097,122,4626153,NO 15/9-F-12 H
3098,119,4626272,NO 15/9-F-12 H
3099,120,4626392,NO 15/9-F-12 H
3100,120,4626512,NO 15/9-F-12 H
3101,111,4626623,NO 15/9-F-12 H
3102,118,4626741,NO 15/9-F-12 H
3103,120,4626861,NO 15/9-F-12 H
3104,105,4626966,NO 15/9-F-12 H
3105,0,4626966,NO 15/9-F-12 H
3106,0,4626966,NO 15/9-F-12 H
3107,0,4626966,NO 15/9-F-12 H
3108,0,4626966,NO 15/9-F-12 H
3109,0,4626966,NO 15/9-F-12 H
3110,0,4626966,NO 15/9-F-12 H
3111,0,4626966,NO 15/9-F-12 H
3112,0,4626966,NO 15/9-F-12 H
3113,0,4626966,NO 15/9-F-12 H
3114,0,4626966,NO 15/9-F-12 H
3115,0,4626966,NO 15/9-F-12 H
3116,0,4626966,NO 15/9-F-12 H
3117,0,4626966,NO 15/9-F-12 H
3118,0,4626966,NO 15/9-F-12 H
3119,0,4626966,NO 15/9-F-12 H
3120,0,4626966,NO 15/9-F-12 H
3121,0,4626966,NO 15/9-F-12 H
3122,0,4626966,NO 15/9-F-12 H
3123,0,4626966,NO 15/9-F-12 H
3124,0,4626966,NO 15/9-F-12 H
3125,0,4626966,NO 15/9-F-12 H
3126,0,4626966,NO 15/9-F-12 H
3127,0,4626966,NO 15/9-F-12 H
3128,0,4626966,NO 15/9-F-12 H
3129,0,4626966,NO 15/9-F-12 H
3130,0,4626966,NO 15/9-F-12 H
3131,0,4626966,NO 15/9-F-12 H
3132,0,4626966,NO 15/9-F-12 H
3133,0,4626966,NO 15/9-F-12 H
3134,0,4626966,NO 15/9-F-12 H
3135,0,4626966,NO 15/9-F-12 H
3136,0,4626966,NO 15/9-F-12 H
3137,0,4626966,NO 15/9-F-12 H
3138,0,4626966,NO 15/9-F-12 H
3139,0,4626966,NO 15/9-F-12 H
3140,0,4626966,NO 15/9-F-12 H
0,0,0,NO 15/9-F-14 H
1,0,0,NO 15/9-F-14 H
2,0,0,NO 15/9-F-14 H
3,0,0,NO 15/9-F-14 H
4,0,0,NO 15/9-F-14 H
5,0,0,NO 15/9-F-14 H
6,0,0,NO 15/9-F-14 H
7,0,0,NO 15/9-F-14 H
8,0,0,NO 15/9-F-14 H
9,0,0,NO 15/9-F-14 H
10,0,0,NO 15/9-F-14 H
11,0,0,NO 15/9-F-14 H
12,0,0,NO 15/9-F-14 H
13,0,0,NO 15/9-F-14 H
14,0,0,NO 15/9-F-14 H
15,0,0,NO 15/9-F-14 H
16,0,0,NO 15/9-F-14 H
17,0,0,NO 15/9-F-14 H
18,0,0,NO 15/9-F-14 H
19,0,0,NO 15/9-F-14 H
20,0,0,NO 15/9-F-14 H
21,0,0,NO 15/9-F-14 H
22,0,0,NO 15/9-F-14 H
23,0,0,NO 15/9-F-14 H
24,0,0,NO 15/9-F-14 H
25,0,0,NO 15/9-F-14 H
26,0,0,NO 15/9-F-14 H
27,0,0,NO 15/9-F-14 H
28,0,0,NO 15/9-F-14 H
29,0,0,NO 15/9-F-14 H
30,0,0,NO 15/9-F-14 H
31,0,0,NO 15/9-F-14 H
32,0,0,NO 15/9-F-14 H
33,0,0,NO 15/9-F-14 H
34,0,0,NO 15/9-F-14 H
35,0,0,NO 15/9-F-14 H
36,0,0,NO 15/9-F-14 H
37,0,0,NO 15/9-F-14 H
38,0,0,NO 15/9-F-14 H
39,0,0,NO 15/9-F-14 H
40,0,0,NO 15/9-F-14 H
41,0,0,NO 15/9-F-14 H
42,0,0,NO 15/9-F-14 H
43,0,0,NO 15/9-F-14 H
44,0,0,NO 15/9-F-14 H
45,0,0,NO 15/9-F-14 H
46,0,0,NO 15/9-F-14 H
47,0,0,NO 15/9-F-14 H
48,0,0,NO 15/9-F-14 H
49,0,0,NO 15/9-F-14 H
50,0,0,NO 15/9-F-14 H
51,0,0,NO 15/9-F-14 H
52,0,0,NO 15/9-F-14 H
53,0,0,NO 15/9-F-14 H
54,0,0,NO 15/9-F-14 H
55,0,0,NO 15/9-F-14 H
56,0,0,NO 15/9-F-14 H
57,0,0,NO 15/9-F-14 H
58,0,0,NO 15/9-F-14 H
59,0,0,NO 15/9-F-14 H
60,0,0,NO 15/9-F-14 H
61,0,0,NO 15/9-F-14 H
62,0,0,NO 15/9-F-14 H
63,0,0,NO 15/9-F-14 H
64,0,0,NO 15/9-F-14 H
65,0,0,NO 15/9-F-14 H
66,0,0,NO 15/9-F-14 H
67,0,0,NO 15/9-F-14 H
68,0,0,NO 15/9-F-14 H
69,0,0,NO 15/9-F-14 H
70,0,0,NO 15/9-F-14 H
71,0,0,NO 15/9-F-14 H
72,0,0,NO 15/9-F-14 H
73,0,0,NO 15/9-F-14 H
74,0,0,NO 15/9-F-14 H
75,0,0,NO 15/9-F-14 H
76,0,0,NO 15/9-F-14 H
77,0,0,NO 15/9-F-14 H
78,0,0,NO 15/9-F-14 H
79,0,0,NO 15/9-F-14 H
80,0,0,NO 15/9-F-14 H
81,0,0,NO 15/9-F-14 H
82,0,0,NO 15/9-F-14 H
83,0,0,NO 15/9-F-14 H
84,0,0,NO 15/9-F-14 H
85,0,0,NO 15/9-F-14 H
86,0,0,NO 15/9-F-14 H
87,0,0,NO 15/9-F-14 H
88,0,0,NO 15/9-F-14 H
89,0,0,NO 15/9-F-14 H
90,0,0,NO 15/9-F-14 H
91,0,0,NO 15/9-F-14 H
92,0,0,NO 15/9-F-14 H
93,0,0,NO 15/9-F-14 H
94,0,0,NO 15/9-F-14 H
95,0,0,NO 15/9-F-14 H
96,0,0,NO 15/9-F-14 H
97,0,0,NO 15/9-F-14 H
98,0,0,NO 15/9-F-14 H
99,0,0,NO 15/9-F-14 H
100,0,0,NO 15/9-F-14 H
101,0,0,NO 15/9-F-14 H
102,0,0,NO 15/9-F-14 H
103,0,0,NO 15/9-F-14 H
104,0,0,NO 15/9-F-14 H
105,0,0,NO 15/9-F-14 H
106,0,0,NO 15/9-F-14 H
107,0,0,NO 15/9-F-14 H
108,0,0,NO 15/9-F-14 H
109,0,0,NO 15/9-F-14 H
110,0,0,NO 15/9-F-14 H
111,0,0,NO 15/9-F-14 H
112,0,0,NO 15/9-F-14 H
113,0,0,NO 15/9-F-14 H
114,0,0,NO 15/9-F-14 H
115,0,0,NO 15/9-F-14 H
116,0,0,NO 15/9-F-14 H
117,0,0,NO 15/9-F-14 H
118,0,0,NO 15/9-F-14 H
119,0,0,NO 15/9-F-14 H
120,0,0,NO 15/9-F-14 H
121,0,0,NO 15/9-F-14 H
122,0,0,NO 15/9-F-14 H
123,0,0,NO 15/9-F-14 H
124,0,0,NO 15/9-F-14 H
125,0,0,NO 15/9-F-14 H
126,0,0,NO 15/9-F-14 H
127,0,0,NO 15/9-F-14 H
128,0,0,NO 15/9-F-14 H
129,0,0,NO 15/9-F-14 H
130,0,0,NO 15/9-F-14 H
131,0,0,NO 15/9-F-14 H
132,0,0,NO 15/9-F-14 H
133,0,0,NO 15/9-F-14 H
134,0,0,NO 15/9-F-14 H
135,0,0,NO 15/9-F-14 H
136,0,0,NO 15/9-F-14 H
137,0,0,NO 15/9-F-14 H
138,0,0,NO 15/9-F-14 H
139,0,0,NO 15/9-F-14 H
140,0,0,NO 15/9-F-14 H
141,0,0,NO 15/9-F-14 H
142,0,0,NO 15/9-F-14 H
143,0,0,NO 15/9-F-14 H
144,0,0,NO 15/9-F-14 H
145,0,0,NO 15/9-F-14 H
146,0,0,NO 15/9-F-14 H
147,0,0,NO 15/9-F-14 H
148,0,0,NO 15/9-F-14 H
149,0,0,NO 15/9-F-14 H
150,0,0,NO 15/9-F-14 H
151,0,0,NO 15/9-F-14 H
152,1735,1735,NO 15/9-F-14 H
153,592,2327,NO 15/9-F-14 H
154,2532,4859,NO 15/9-F-14 H
155,3031,7890,NO 15/9-F-14 H
156,3288,11178,NO 15/9-F-14 H
157,2780,13958,NO 15/9-F-14 H
158,2774,16732,NO 15/9-F-14 H
159,2791,19523,NO 15/9-F-14 H
160,2743,22266,NO 15/9-F-14 H
161,2717,24983,NO 15/9-F-14 H
162,2746,27729,NO 15/9-F-14 H
163,2763,30492,NO 15/9-F-14 H
164,2764,33256,NO 15/9-F-14 H
165,2759,36015,NO 15/9-F-14 H
166,2732,38747,NO 15/9-F-14 H
167,2763,41510,NO 15/9-F-14 H
168,2671,44181,NO 15/9-F-14 H
169,3553,47734,NO 15/9-F-14 H
170,3550,51284,NO 15/9-F-14 H
171,3119,54403,NO 15/9-F-14 H
172,3058,57461,NO 15/9-F-14 H
173,3111,60572,NO 15/9-F-14 H
174,3019,63591,NO 15/9-F-14 H
175,3136,66727,NO 15/9-F-14 H
176,911,67638,NO 15/9-F-14 H
177,911,68549,NO 15/9-F-14 H
178,725,69274,NO 15/9-F-14 H
179,3821,73095,NO 15/9-F-14 H
180,4149,77244,NO 15/9-F-14 H
181,4118,81362,NO 15/9-F-14 H
182,4127,85489,NO 15/9-F-14 H
183,3941,89430,NO 15/9-F-14 H
184,3676,93106,NO 15/9-F-14 H
185,3603,96709,NO 15/9-F-14 H
186,3579,100288,NO 15/9-F-14 H
187,3723,104011,NO 15/9-F-14 H
188,3666,107677,NO 15/9-F-14 H
189,3720,111397,NO 15/9-F-14 H
190,4033,115430,NO 15/9-F-14 H
191,2911,118341,NO 15/9-F-14 H
192,0,118341,NO 15/9-F-14 H
193,0,118341,NO 15/9-F-14 H
194,0,118341,NO 15/9-F-14 H
195,0,118341,NO 15/9-F-14 H
196,0,118341,NO 15/9-F-14 H
197,0,118341,NO 15/9-F-14 H
198,0,118341,NO 15/9-F-14 H
199,0,118341,NO 15/9-F-14 H
200,0,118341,NO 15/9-F-14 H
201,1474,119815,NO 15/9-F-14 H
202,0,119815,NO 15/9-F-14 H
203,1345,121160,NO 15/9-F-14 H
204,2165,123325,NO 15/9-F-14 H
205,2187,125512,NO 15/9-F-14 H
206,2230,127742,NO 15/9-F-14 H
207,1442,129184,NO 15/9-F-14 H
208,0,129184,NO 15/9-F-14 H
209,1730,130914,NO 15/9-F-14 H
210,2273,133187,NO 15/9-F-14 H
211,4378,137565,NO 15/9-F-14 H
212,4814,142379,NO 15/9-F-14 H
213,4790,147169,NO 15/9-F-14 H
214,4926,152095,NO 15/9-F-14 H
215,4964,157059,NO 15/9-F-14 H
216,4970,162029,NO 15/9-F-14 H
217,4983,167012,NO 15/9-F-14 H
218,5004,172016,NO 15/9-F-14 H
219,3949,175965,NO 15/9-F-14 H
220,4170,180135,NO 15/9-F-14 H
221,5354,185489,NO 15/9-F-14 H
222,4521,190010,NO 15/9-F-14 H
223,4690,194700,NO 15/9-F-14 H
224,5291,199991,NO 15/9-F-14 H
225,5337,205328,NO 15/9-F-14 H
226,4880,210208,NO 15/9-F-14 H
227,5454,215662,NO 15/9-F-14 H
228,4902,220564,NO 15/9-F-14 H
229,5157,225721,NO 15/9-F-14 H
230,5411,231132,NO 15/9-F-14 H
231,3282,234414,NO 15/9-F-14 H
232,5320,239734,NO 15/9-F-14 H
233,5570,245304,NO 15/9-F-14 H
234,5282,250586,NO 15/9-F-14 H
235,4954,255540,NO 15/9-F-14 H
236,5420,260960,NO 15/9-F-14 H
237,3485,264445,NO 15/9-F-14 H
238,4223,268668,NO 15/9-F-14 H
239,4209,272877,NO 15/9-F-14 H
240,4202,277079,NO 15/9-F-14 H
241,4207,281286,NO 15/9-F-14 H
242,4232,285518,NO 15/9-F-14 H
243,4195,289713,NO 15/9-F-14 H
244,4209,293922,NO 15/9-F-14 H
245,4211,298133,NO 15/9-F-14 H
246,4187,302320,NO 15/9-F-14 H
247,4194,306514,NO 15/9-F-14 H
248,4206,310720,NO 15/9-F-14 H
249,4754,315474,NO 15/9-F-14 H
250,4440,319914,NO 15/9-F-14 H
251,4429,324343,NO 15/9-F-14 H
252,4435,328778,NO 15/9-F-14 H
253,4614,333392,NO 15/9-F-14 H
254,4653,338045,NO 15/9-F-14 H
255,4676,342721,NO 15/9-F-14 H
256,4634,347355,NO 15/9-F-14 H
257,4609,351964,NO 15/9-F-14 H
258,4429,356393,NO 15/9-F-14 H
259,5123,361516,NO 15/9-F-14 H
260,4793,366309,NO 15/9-F-14 H
261,5461,371770,NO 15/9-F-14 H
262,5463,377233,NO 15/9-F-14 H
263,4645,381878,NO 15/9-F-14 H
264,3732,385610,NO 15/9-F-14 H
265,3476,389086,NO 15/9-F-14 H
266,3461,392547,NO 15/9-F-14 H
267,3458,396005,NO 15/9-F-14 H
268,3403,399408,NO 15/9-F-14 H
269,3311,402719,NO 15/9-F-14 H
270,3355,406074,NO 15/9-F-14 H
271,3503,409577,NO 15/9-F-14 H
272,3464,413041,NO 15/9-F-14 H
273,3493,416534,NO 15/9-F-14 H
274,3482,420016,NO 15/9-F-14 H
275,3500,423516,NO 15/9-F-14 H
276,3499,427015,NO 15/9-F-14 H
277,3508,430523,NO 15/9-F-14 H
278,3501,434024,NO 15/9-F-14 H
279,3527,437551,NO 15/9-F-14 H
280,3482,441033,NO 15/9-F-14 H
281,3463,444496,NO 15/9-F-14 H
282,3490,447986,NO 15/9-F-14 H
283,3424,451410,NO 15/9-F-14 H
284,3581,454991,NO 15/9-F-14 H
285,3235,458226,NO 15/9-F-14 H
286,3378,461604,NO 15/9-F-14 H
287,3661,465265,NO 15/9-F-14 H
288,3853,469118,NO 15/9-F-14 H
289,3833,472951,NO 15/9-F-14 H
290,1781,474732,NO 15/9-F-14 H
291,3101,477833,NO 15/9-F-14 H
292,3811,481644,NO 15/9-F-14 H
293,3333,484977,NO 15/9-F-14 H
294,3204,488181,NO 15/9-F-14 H
295,3625,491806,NO 15/9-F-14 H
296,3571,495377,NO 15/9-F-14 H
297,3630,499007,NO 15/9-F-14 H
298,3663,502670,NO 15/9-F-14 H
299,3688,506358,NO 15/9-F-14 H
300,3652,510010,NO 15/9-F-14 H
301,3687,513697,NO 15/9-F-14 H
302,3685,517382,NO 15/9-F-14 H
303,3526,520908,NO 15/9-F-14 H
304,3680,524588,NO 15/9-F-14 H
305,3713,528301,NO 15/9-F-14 H
306,3720,532021,NO 15/9-F-14 H
307,3676,535697,NO 15/9-F-14 H
308,3605,539302,NO 15/9-F-14 H
309,3549,542851,NO 15/9-F-14 H
310,3622,546473,NO 15/9-F-14 H
311,3609,550082,NO 15/9-F-14 H
312,3524,553606,NO 15/9-F-14 H
313,3493,557099,NO 15/9-F-14 H
314,3479,560578,NO 15/9-F-14 H
315,3473,564051,NO 15/9-F-14 H
316,3494,567545,NO 15/9-F-14 H
317,3485,571030,NO 15/9-F-14 H
318,3499,574529,NO 15/9-F-14 H
319,3422,577951,NO 15/9-F-14 H
320,3494,581445,NO 15/9-F-14 H
321,3476,584921,NO 15/9-F-14 H
322,3451,588372,NO 15/9-F-14 H
323,3469,591841,NO 15/9-F-14 H
324,3479,595320,NO 15/9-F-14 H
325,3364,598684,NO 15/9-F-14 H
326,2217,600901,NO 15/9-F-14 H
327,3348,604249,NO 15/9-F-14 H
328,3496,607745,NO 15/9-F-14 H
329,2649,610394,NO 15/9-F-14 H
330,3310,613704,NO 15/9-F-14 H
331,3054,616758,NO 15/9-F-14 H
332,2627,619385,NO 15/9-F-14 H
333,3259,622644,NO 15/9-F-14 H
334,3360,626004,NO 15/9-F-14 H
335,3622,629626,NO 15/9-F-14 H
336,3921,633547,NO 15/9-F-14 H
337,3828,637375,NO 15/9-F-14 H
338,4449,641824,NO 15/9-F-14 H
339,4596,646420,NO 15/9-F-14 H
340,4386,650806,NO 15/9-F-14 H
341,4580,655386,NO 15/9-F-14 H
342,4621,660007,NO 15/9-F-14 H
343,4635,664642,NO 15/9-F-14 H
344,4163,668805,NO 15/9-F-14 H
345,3997,672802,NO 15/9-F-14 H
346,4479,677281,NO 15/9-F-14 H
347,4460,681741,NO 15/9-F-14 H
348,4520,686261,NO 15/9-F-14 H
349,4523,690784,NO 15/9-F-14 H
350,4526,695310,NO 15/9-F-14 H
351,2487,697797,NO 15/9-F-14 H
352,560,698357,NO 15/9-F-14 H
353,4535,702892,NO 15/9-F-14 H
354,4524,707416,NO 15/9-F-14 H
355,2267,709683,NO 15/9-F-14 H
356,4534,714217,NO 15/9-F-14 H
357,4537,718754,NO 15/9-F-14 H
358,384,719138,NO 15/9-F-14 H
359,4418,723556,NO 15/9-F-14 H
360,4502,728058,NO 15/9-F-14 H
361,4501,732559,NO 15/9-F-14 H
362,4670,737229,NO 15/9-F-14 H
363,3724,740953,NO 15/9-F-14 H
364,4416,745369,NO 15/9-F-14 H
365,4380,749749,NO 15/9-F-14 H
366,4441,754190,NO 15/9-F-14 H
367,3574,757764,NO 15/9-F-14 H
368,4619,762383,NO 15/9-F-14 H
369,4494,766877,NO 15/9-F-14 H
370,3908,770785,NO 15/9-F-14 H
371,4527,775312,NO 15/9-F-14 H
372,4515,779827,NO 15/9-F-14 H
373,4518,784345,NO 15/9-F-14 H
374,4509,788854,NO 15/9-F-14 H
375,2906,791760,NO 15/9-F-14 H
376,4319,796079,NO 15/9-F-14 H
377,4418,800497,NO 15/9-F-14 H
378,4367,804864,NO 15/9-F-14 H
379,3227,808091,NO 15/9-F-14 H
380,4412,812503,NO 15/9-F-14 H
381,4377,816880,NO 15/9-F-14 H
382,4418,821298,NO 15/9-F-14 H
383,4397,825695,NO 15/9-F-14 H
384,4381,830076,NO 15/9-F-14 H
385,4339,834415,NO 15/9-F-14 H
386,4422,838837,NO 15/9-F-14 H
387,1974,840811,NO 15/9-F-14 H
388,2988,843799,NO 15/9-F-14 H
389,2209,846008,NO 15/9-F-14 H
390,969,846977,NO 15/9-F-14 H
391,110,847087,NO 15/9-F-14 H
392,2624,849711,NO 15/9-F-14 H
393,1185,850896,NO 15/9-F-14 H
394,3349,854245,NO 15/9-F-14 H
395,1513,855758,NO 15/9-F-14 H
396,4690,860448,NO 15/9-F-14 H
397,5220,865668,NO 15/9-F-14 H
398,5535,871203,NO 15/9-F-14 H
399,5634,876837,NO 15/9-F-14 H
400,4547,881384,NO 15/9-F-14 H
401,3976,885360,NO 15/9-F-14 H
402,4539,889899,NO 15/9-F-14 H
403,4428,894327,NO 15/9-F-14 H
404,4434,898761,NO 15/9-F-14 H
405,4490,903251,NO 15/9-F-14 H
406,4379,907630,NO 15/9-F-14 H
407,506,908136,NO 15/9-F-14 H
408,0,908136,NO 15/9-F-14 H
409,0,908136,NO 15/9-F-14 H
410,0,908136,NO 15/9-F-14 H
411,0,908136,NO 15/9-F-14 H
412,155,908291,NO 15/9-F-14 H
413,3651,911942,NO 15/9-F-14 H
414,3516,915458,NO 15/9-F-14 H
415,3832,919290,NO 15/9-F-14 H
416,4212,923502,NO 15/9-F-14 H
417,4266,927768,NO 15/9-F-14 H
418,3874,931642,NO 15/9-F-14 H
419,0,931642,NO 15/9-F-14 H
420,0,931642,NO 15/9-F-14 H
421,2903,934545,NO 15/9-F-14 H
422,2095,936640,NO 15/9-F-14 H
423,51,936691,NO 15/9-F-14 H
424,0,936691,NO 15/9-F-14 H
425,2063,938754,NO 15/9-F-14 H
426,3941,942695,NO 15/9-F-14 H
427,3976,946671,NO 15/9-F-14 H
428,652,947323,NO 15/9-F-14 H
429,2452,949775,NO 15/9-F-14 H
430,4018,953793,NO 15/9-F-14 H
431,1418,955211,NO 15/9-F-14 H
432,217,955428,NO 15/9-F-14 H
433,3990,959418,NO 15/9-F-14 H
434,4075,963493,NO 15/9-F-14 H
435,2869,966362,NO 15/9-F-14 H
436,4074,970436,NO 15/9-F-14 H
437,4093,974529,NO 15/9-F-14 H
438,4090,978619,NO 15/9-F-14 H
439,4104,982723,NO 15/9-F-14 H
440,4054,986777,NO 15/9-F-14 H
441,4022,990799,NO 15/9-F-14 H
442,4053,994852,NO 15/9-F-14 H
443,4036,998888,NO 15/9-F-14 H
444,4082,1002970,NO 15/9-F-14 H
445,4067,1007037,NO 15/9-F-14 H
446,4081,1011118,NO 15/9-F-14 H
447,412,1011530,NO 15/9-F-14 H
448,412,1011942,NO 15/9-F-14 H
449,3307,1015249,NO 15/9-F-14 H
450,3703,1018952,NO 15/9-F-14 H
451,4081,1023033,NO 15/9-F-14 H
452,3931,1026964,NO 15/9-F-14 H
453,4151,1031115,NO 15/9-F-14 H
454,4242,1035357,NO 15/9-F-14 H
455,4239,1039596,NO 15/9-F-14 H
456,4198,1043794,NO 15/9-F-14 H
457,4211,1048005,NO 15/9-F-14 H
458,4233,1052238,NO 15/9-F-14 H
459,4238,1056476,NO 15/9-F-14 H
460,4244,1060720,NO 15/9-F-14 H
461,3759,1064479,NO 15/9-F-14 H
462,3967,1068446,NO 15/9-F-14 H
463,3973,1072419,NO 15/9-F-14 H
464,3995,1076414,NO 15/9-F-14 H
465,4063,1080477,NO 15/9-F-14 H
466,4123,1084600,NO 15/9-F-14 H
467,4136,1088736,NO 15/9-F-14 H
468,4030,1092766,NO 15/9-F-14 H
469,4025,1096791,NO 15/9-F-14 H
470,4029,1100820,NO 15/9-F-14 H
471,4024,1104844,NO 15/9-F-14 H
472,3654,1108498,NO 15/9-F-14 H
473,3497,1111995,NO 15/9-F-14 H
474,3480,1115475,NO 15/9-F-14 H
475,3442,1118917,NO 15/9-F-14 H
476,3414,1122331,NO 15/9-F-14 H
477,2995,1125326,NO 15/9-F-14 H
478,3353,1128679,NO 15/9-F-14 H
479,3370,1132049,NO 15/9-F-14 H
480,2702,1134751,NO 15/9-F-14 H
481,3440,1138191,NO 15/9-F-14 H
482,3498,1141689,NO 15/9-F-14 H
483,3444,1145133,NO 15/9-F-14 H
484,3451,1148584,NO 15/9-F-14 H
485,3108,1151692,NO 15/9-F-14 H
486,3768,1155460,NO 15/9-F-14 H
487,3178,1158638,NO 15/9-F-14 H
488,1760,1160398,NO 15/9-F-14 H
489,1725,1162123,NO 15/9-F-14 H
490,3145,1165268,NO 15/9-F-14 H
491,3484,1168752,NO 15/9-F-14 H
492,3494,1172246,NO 15/9-F-14 H
493,3560,1175806,NO 15/9-F-14 H
494,3746,1179552,NO 15/9-F-14 H
495,2778,1182330,NO 15/9-F-14 H
496,2774,1185104,NO 15/9-F-14 H
497,2808,1187912,NO 15/9-F-14 H
498,2812,1190724,NO 15/9-F-14 H
499,2454,1193178,NO 15/9-F-14 H
500,1854,1195032,NO 15/9-F-14 H
501,1775,1196807,NO 15/9-F-14 H
502,1755,1198562,NO 15/9-F-14 H
503,1786,1200348,NO 15/9-F-14 H
504,1782,1202130,NO 15/9-F-14 H
505,1787,1203917,NO 15/9-F-14 H
506,1771,1205688,NO 15/9-F-14 H
507,1757,1207445,NO 15/9-F-14 H
508,1756,1209201,NO 15/9-F-14 H
509,1751,1210952,NO 15/9-F-14 H
510,2179,1213131,NO 15/9-F-14 H
511,2189,1215320,NO 15/9-F-14 H
512,1982,1217302,NO 15/9-F-14 H
513,1984,1219286,NO 15/9-F-14 H
514,1972,1221258,NO 15/9-F-14 H
515,1974,1223232,NO 15/9-F-14 H
516,1990,1225222,NO 15/9-F-14 H
517,2069,1227291,NO 15/9-F-14 H
518,2059,1229350,NO 15/9-F-14 H
519,2031,1231381,NO 15/9-F-14 H
520,2021,1233402,NO 15/9-F-14 H
521,2033,1235435,NO 15/9-F-14 H
522,1998,1237433,NO 15/9-F-14 H
523,1725,1239158,NO 15/9-F-14 H
524,2225,1241383,NO 15/9-F-14 H
525,2373,1243756,NO 15/9-F-14 H
526,2374,1246130,NO 15/9-F-14 H
527,2332,1248462,NO 15/9-F-14 H
528,2244,1250706,NO 15/9-F-14 H
529,2334,1253040,NO 15/9-F-14 H
530,2323,1255363,NO 15/9-F-14 H
531,2292,1257655,NO 15/9-F-14 H
532,2346,1260001,NO 15/9-F-14 H
533,2338,1262339,NO 15/9-F-14 H
534,2338,1264677,NO 15/9-F-14 H
535,2325,1267002,NO 15/9-F-14 H
536,2326,1269328,NO 15/9-F-14 H
537,945,1270273,NO 15/9-F-14 H
538,945,1271218,NO 15/9-F-14 H
539,0,1271218,NO 15/9-F-14 H
540,3028,1274246,NO 15/9-F-14 H
541,4271,1278517,NO 15/9-F-14 H
542,4265,1282782,NO 15/9-F-14 H
543,2058,1284840,NO 15/9-F-14 H
544,4894,1289734,NO 15/9-F-14 H
545,4999,1294733,NO 15/9-F-14 H
546,4616,1299349,NO 15/9-F-14 H
547,4302,1303651,NO 15/9-F-14 H
548,4369,1308020,NO 15/9-F-14 H
549,4326,1312346,NO 15/9-F-14 H
550,4261,1316607,NO 15/9-F-14 H
551,4224,1320831,NO 15/9-F-14 H
552,4233,1325064,NO 15/9-F-14 H
553,4225,1329289,NO 15/9-F-14 H
554,4225,1333514,NO 15/9-F-14 H
555,4233,1337747,NO 15/9-F-14 H
556,4232,1341979,NO 15/9-F-14 H
557,4231,1346210,NO 15/9-F-14 H
558,4228,1350438,NO 15/9-F-14 H
559,4244,1354682,NO 15/9-F-14 H
560,4322,1359004,NO 15/9-F-14 H
561,1467,1360471,NO 15/9-F-14 H
562,3277,1363748,NO 15/9-F-14 H
563,4306,1368054,NO 15/9-F-14 H
564,4495,1372549,NO 15/9-F-14 H
565,4848,1377397,NO 15/9-F-14 H
566,3044,1380441,NO 15/9-F-14 H
567,3044,1383485,NO 15/9-F-14 H
568,0,1383485,NO 15/9-F-14 H
569,0,1383485,NO 15/9-F-14 H
570,294,1383779,NO 15/9-F-14 H
571,2247,1386026,NO 15/9-F-14 H
572,1803,1387829,NO 15/9-F-14 H
573,2263,1390092,NO 15/9-F-14 H
574,3644,1393736,NO 15/9-F-14 H
575,4648,1398384,NO 15/9-F-14 H
576,4624,1403008,NO 15/9-F-14 H
577,4595,1407603,NO 15/9-F-14 H
578,4526,1412129,NO 15/9-F-14 H
579,4514,1416643,NO 15/9-F-14 H
580,4479,1421122,NO 15/9-F-14 H
581,4378,1425500,NO 15/9-F-14 H
582,4534,1430034,NO 15/9-F-14 H
583,4521,1434555,NO 15/9-F-14 H
584,4505,1439060,NO 15/9-F-14 H
585,4804,1443864,NO 15/9-F-14 H
586,5644,1449508,NO 15/9-F-14 H
587,4867,1454375,NO 15/9-F-14 H
588,4848,1459223,NO 15/9-F-14 H
589,4690,1463913,NO 15/9-F-14 H
590,4271,1468184,NO 15/9-F-14 H
591,3900,1472084,NO 15/9-F-14 H
592,1751,1473835,NO 15/9-F-14 H
593,0,1473835,NO 15/9-F-14 H
594,0,1473835,NO 15/9-F-14 H
595,0,1473835,NO 15/9-F-14 H
596,0,1473835,NO 15/9-F-14 H
597,430,1474265,NO 15/9-F-14 H
598,3568,1477833,NO 15/9-F-14 H
599,3895,1481728,NO 15/9-F-14 H
600,3895,1485623,NO 15/9-F-14 H
601,3740,1489363,NO 15/9-F-14 H
602,2449,1491812,NO 15/9-F-14 H
603,3803,1495615,NO 15/9-F-14 H
604,3716,1499331,NO 15/9-F-14 H
605,3537,1502868,NO 15/9-F-14 H
606,3600,1506468,NO 15/9-F-14 H
607,3581,1510049,NO 15/9-F-14 H
608,3586,1513635,NO 15/9-F-14 H
609,2731,1516366,NO 15/9-F-14 H
610,3478,1519844,NO 15/9-F-14 H
611,2602,1522446,NO 15/9-F-14 H
612,3838,1526284,NO 15/9-F-14 H
613,1120,1527404,NO 15/9-F-14 H
614,2435,1529839,NO 15/9-F-14 H
615,3684,1533523,NO 15/9-F-14 H
616,3676,1537199,NO 15/9-F-14 H
617,3675,1540874,NO 15/9-F-14 H
618,3664,1544538,NO 15/9-F-14 H
619,1238,1545776,NO 15/9-F-14 H
620,209,1545985,NO 15/9-F-14 H
621,3384,1549369,NO 15/9-F-14 H
622,3776,1553145,NO 15/9-F-14 H
623,3783,1556928,NO 15/9-F-14 H
624,3742,1560670,NO 15/9-F-14 H
625,3256,1563926,NO 15/9-F-14 H
626,3460,1567386,NO 15/9-F-14 H
627,3159,1570545,NO 15/9-F-14 H
628,3226,1573771,NO 15/9-F-14 H
629,3214,1576985,NO 15/9-F-14 H
630,3260,1580245,NO 15/9-F-14 H
631,2602,1582847,NO 15/9-F-14 H
632,3629,1586476,NO 15/9-F-14 H
633,3609,1590085,NO 15/9-F-14 H
634,3620,1593705,NO 15/9-F-14 H
635,3634,1597339,NO 15/9-F-14 H
636,3121,1600460,NO 15/9-F-14 H
637,3410,1603870,NO 15/9-F-14 H
638,3640,1607510,NO 15/9-F-14 H
639,3635,1611145,NO 15/9-F-14 H
640,3614,1614759,NO 15/9-F-14 H
641,3625,1618384,NO 15/9-F-14 H
642,3580,1621964,NO 15/9-F-14 H
643,3506,1625470,NO 15/9-F-14 H
644,3296,1628766,NO 15/9-F-14 H
645,3201,1631967,NO 15/9-F-14 H
646,3200,1635167,NO 15/9-F-14 H
647,2699,1637866,NO 15/9-F-14 H
648,3223,1641089,NO 15/9-F-14 H
649,3198,1644287,NO 15/9-F-14 H
650,2571,1646858,NO 15/9-F-14 H
651,2700,1649558,NO 15/9-F-14 H
652,3147,1652705,NO 15/9-F-14 H
653,3085,1655790,NO 15/9-F-14 H
654,3100,1658890,NO 15/9-F-14 H
655,3091,1661981,NO 15/9-F-14 H
656,3281,1665262,NO 15/9-F-14 H
657,3325,1668587,NO 15/9-F-14 H
658,3305,1671892,NO 15/9-F-14 H
659,3319,1675211,NO 15/9-F-14 H
660,3300,1678511,NO 15/9-F-14 H
661,2913,1681424,NO 15/9-F-14 H
662,2798,1684222,NO 15/9-F-14 H
663,3032,1687254,NO 15/9-F-14 H
664,2896,1690150,NO 15/9-F-14 H
665,2764,1692914,NO 15/9-F-14 H
666,2821,1695735,NO 15/9-F-14 H
667,2900,1698635,NO 15/9-F-14 H
668,2919,1701554,NO 15/9-F-14 H
669,2920,1704474,NO 15/9-F-14 H
670,2920,1707394,NO 15/9-F-14 H
671,2911,1710305,NO 15/9-F-14 H
672,2875,1713180,NO 15/9-F-14 H
673,2894,1716074,NO 15/9-F-14 H
674,2753,1718827,NO 15/9-F-14 H
675,2130,1720957,NO 15/9-F-14 H
676,1770,1722727,NO 15/9-F-14 H
677,2753,1725480,NO 15/9-F-14 H
678,3061,1728541,NO 15/9-F-14 H
679,3042,1731583,NO 15/9-F-14 H
680,3222,1734805,NO 15/9-F-14 H
681,3305,1738110,NO 15/9-F-14 H
682,2206,1740316,NO 15/9-F-14 H
683,2992,1743308,NO 15/9-F-14 H
684,3206,1746514,NO 15/9-F-14 H
685,2912,1749426,NO 15/9-F-14 H
686,2893,1752319,NO 15/9-F-14 H
687,2892,1755211,NO 15/9-F-14 H
688,2891,1758102,NO 15/9-F-14 H
689,2956,1761058,NO 15/9-F-14 H
690,2973,1764031,NO 15/9-F-14 H
691,2830,1766861,NO 15/9-F-14 H
692,2703,1769564,NO 15/9-F-14 H
693,2746,1772310,NO 15/9-F-14 H
694,2756,1775066,NO 15/9-F-14 H
695,2725,1777791,NO 15/9-F-14 H
696,2723,1780514,NO 15/9-F-14 H
697,2302,1782816,NO 15/9-F-14 H
698,2727,1785543,NO 15/9-F-14 H
699,2714,1788257,NO 15/9-F-14 H
700,2712,1790969,NO 15/9-F-14 H
701,2713,1793682,NO 15/9-F-14 H
702,2710,1796392,NO 15/9-F-14 H
703,2763,1799155,NO 15/9-F-14 H
704,2734,1801889,NO 15/9-F-14 H
705,2696,1804585,NO 15/9-F-14 H
706,2841,1807426,NO 15/9-F-14 H
707,2813,1810239,NO 15/9-F-14 H
708,2790,1813029,NO 15/9-F-14 H
709,2759,1815788,NO 15/9-F-14 H
710,2747,1818535,NO 15/9-F-14 H
711,1936,1820471,NO 15/9-F-14 H
712,2513,1822984,NO 15/9-F-14 H
713,2689,1825673,NO 15/9-F-14 H
714,2447,1828120,NO 15/9-F-14 H
715,2549,1830669,NO 15/9-F-14 H
716,2393,1833062,NO 15/9-F-14 H
717,2431,1835493,NO 15/9-F-14 H
718,2421,1837914,NO 15/9-F-14 H
719,2410,1840324,NO 15/9-F-14 H
720,2416,1842740,NO 15/9-F-14 H
721,2391,1845131,NO 15/9-F-14 H
722,2476,1847607,NO 15/9-F-14 H
723,2512,1850119,NO 15/9-F-14 H
724,2595,1852714,NO 15/9-F-14 H
725,2573,1855287,NO 15/9-F-14 H
726,2547,1857834,NO 15/9-F-14 H
727,2609,1860443,NO 15/9-F-14 H
728,2579,1863022,NO 15/9-F-14 H
729,2522,1865544,NO 15/9-F-14 H
730,2501,1868045,NO 15/9-F-14 H
731,2369,1870414,NO 15/9-F-14 H
732,2427,1872841,NO 15/9-F-14 H
733,1437,1874278,NO 15/9-F-14 H
734,1006,1875284,NO 15/9-F-14 H
735,2652,1877936,NO 15/9-F-14 H
736,2606,1880542,NO 15/9-F-14 H
737,2142,1882684,NO 15/9-F-14 H
738,2561,1885245,NO 15/9-F-14 H
739,2519,1887764,NO 15/9-F-14 H
740,2493,1890257,NO 15/9-F-14 H
741,2485,1892742,NO 15/9-F-14 H
742,2145,1894887,NO 15/9-F-14 H
743,2532,1897419,NO 15/9-F-14 H
744,1710,1899129,NO 15/9-F-14 H
745,1660,1900789,NO 15/9-F-14 H
746,1630,1902419,NO 15/9-F-14 H
747,1630,1904049,NO 15/9-F-14 H
748,1630,1905679,NO 15/9-F-14 H
749,52,1905731,NO 15/9-F-14 H
750,2114,1907845,NO 15/9-F-14 H
751,2333,1910178,NO 15/9-F-14 H
752,2475,1912653,NO 15/9-F-14 H
753,2079,1914732,NO 15/9-F-14 H
754,2079,1916811,NO 15/9-F-14 H
755,1152,1917963,NO 15/9-F-14 H
756,2407,1920370,NO 15/9-F-14 H
757,2353,1922723,NO 15/9-F-14 H
758,2413,1925136,NO 15/9-F-14 H
759,2035,1927171,NO 15/9-F-14 H
760,2652,1929823,NO 15/9-F-14 H
761,2683,1932506,NO 15/9-F-14 H
762,2551,1935057,NO 15/9-F-14 H
763,2444,1937501,NO 15/9-F-14 H
764,2364,1939865,NO 15/9-F-14 H
765,2303,1942168,NO 15/9-F-14 H
766,2275,1944443,NO 15/9-F-14 H
767,2252,1946695,NO 15/9-F-14 H
768,2221,1948916,NO 15/9-F-14 H
769,2650,1951566,NO 15/9-F-14 H
770,2764,1954330,NO 15/9-F-14 H
771,2723,1957053,NO 15/9-F-14 H
772,2711,1959764,NO 15/9-F-14 H
773,2608,1962372,NO 15/9-F-14 H
774,2539,1964911,NO 15/9-F-14 H
775,2372,1967283,NO 15/9-F-14 H
776,2380,1969663,NO 15/9-F-14 H
777,2555,1972218,NO 15/9-F-14 H
778,2530,1974748,NO 15/9-F-14 H
779,0,1974748,NO 15/9-F-14 H
780,805,1975553,NO 15/9-F-14 H
781,2329,1977882,NO 15/9-F-14 H
782,2650,1980532,NO 15/9-F-14 H
783,2592,1983124,NO 15/9-F-14 H
784,2570,1985694,NO 15/9-F-14 H
785,2567,1988261,NO 15/9-F-14 H
786,2640,1990901,NO 15/9-F-14 H
787,2594,1993495,NO 15/9-F-14 H
788,2575,1996070,NO 15/9-F-14 H
789,2549,1998619,NO 15/9-F-14 H
790,2590,2001209,NO 15/9-F-14 H
791,2582,2003791,NO 15/9-F-14 H
792,2471,2006262,NO 15/9-F-14 H
793,2439,2008701,NO 15/9-F-14 H
794,2428,2011129,NO 15/9-F-14 H
795,2277,2013406,NO 15/9-F-14 H
796,2522,2015928,NO 15/9-F-14 H
797,2487,2018415,NO 15/9-F-14 H
798,2345,2020760,NO 15/9-F-14 H
799,2727,2023487,NO 15/9-F-14 H
800,2675,2026162,NO 15/9-F-14 H
801,2633,2028795,NO 15/9-F-14 H
802,2656,2031451,NO 15/9-F-14 H
803,2788,2034239,NO 15/9-F-14 H
804,2235,2036474,NO 15/9-F-14 H
805,3115,2039589,NO 15/9-F-14 H
806,2330,2041919,NO 15/9-F-14 H
807,2704,2044623,NO 15/9-F-14 H
808,3159,2047782,NO 15/9-F-14 H
809,3149,2050931,NO 15/9-F-14 H
810,3121,2054052,NO 15/9-F-14 H
811,3127,2057179,NO 15/9-F-14 H
812,2999,2060178,NO 15/9-F-14 H
813,3070,2063248,NO 15/9-F-14 H
814,3136,2066384,NO 15/9-F-14 H
815,3181,2069565,NO 15/9-F-14 H
816,3166,2072731,NO 15/9-F-14 H
817,3153,2075884,NO 15/9-F-14 H
818,2832,2078716,NO 15/9-F-14 H
819,2841,2081557,NO 15/9-F-14 H
820,2819,2084376,NO 15/9-F-14 H
821,2233,2086609,NO 15/9-F-14 H
822,2805,2089414,NO 15/9-F-14 H
823,2824,2092238,NO 15/9-F-14 H
824,2817,2095055,NO 15/9-F-14 H
825,2832,2097887,NO 15/9-F-14 H
826,2834,2100721,NO 15/9-F-14 H
827,2849,2103570,NO 15/9-F-14 H
828,2825,2106395,NO 15/9-F-14 H
829,2812,2109207,NO 15/9-F-14 H
830,2801,2112008,NO 15/9-F-14 H
831,2808,2114816,NO 15/9-F-14 H
832,2815,2117631,NO 15/9-F-14 H
833,2822,2120453,NO 15/9-F-14 H
834,2818,2123271,NO 15/9-F-14 H
835,2755,2126026,NO 15/9-F-14 H
836,2535,2128561,NO 15/9-F-14 H
837,2779,2131340,NO 15/9-F-14 H
838,2649,2133989,NO 15/9-F-14 H
839,1603,2135592,NO 15/9-F-14 H
840,1859,2137451,NO 15/9-F-14 H
841,2697,2140148,NO 15/9-F-14 H
842,2735,2142883,NO 15/9-F-14 H
843,2773,2145656,NO 15/9-F-14 H
844,2811,2148467,NO 15/9-F-14 H
845,2801,2151268,NO 15/9-F-14 H
846,2696,2153964,NO 15/9-F-14 H
847,2676,2156640,NO 15/9-F-14 H
848,2678,2159318,NO 15/9-F-14 H
849,2676,2161994,NO 15/9-F-14 H
850,2626,2164620,NO 15/9-F-14 H
851,2613,2167233,NO 15/9-F-14 H
852,2623,2169856,NO 15/9-F-14 H
853,2598,2172454,NO 15/9-F-14 H
854,2534,2174988,NO 15/9-F-14 H
855,2486,2177474,NO 15/9-F-14 H
856,2495,2179969,NO 15/9-F-14 H
857,2490,2182459,NO 15/9-F-14 H
858,1957,2184416,NO 15/9-F-14 H
859,2452,2186868,NO 15/9-F-14 H
860,2444,2189312,NO 15/9-F-14 H
861,2428,2191740,NO 15/9-F-14 H
862,2422,2194162,NO 15/9-F-14 H
863,2424,2196586,NO 15/9-F-14 H
864,2397,2198983,NO 15/9-F-14 H
865,2395,2201378,NO 15/9-F-14 H
866,2388,2203766,NO 15/9-F-14 H
867,2381,2206147,NO 15/9-F-14 H
868,2380,2208527,NO 15/9-F-14 H
869,2375,2210902,NO 15/9-F-14 H
870,2370,2213272,NO 15/9-F-14 H
871,2298,2215570,NO 15/9-F-14 H
872,1908,2217478,NO 15/9-F-14 H
873,1834,2219312,NO 15/9-F-14 H
874,1800,2221112,NO 15/9-F-14 H
875,1793,2222905,NO 15/9-F-14 H
876,1841,2224746,NO 15/9-F-14 H
877,1819,2226565,NO 15/9-F-14 H
878,1805,2228370,NO 15/9-F-14 H
879,1394,2229764,NO 15/9-F-14 H
880,1730,2231494,NO 15/9-F-14 H
881,2033,2233527,NO 15/9-F-14 H
882,2583,2236110,NO 15/9-F-14 H
883,2582,2238692,NO 15/9-F-14 H
884,2574,2241266,NO 15/9-F-14 H
885,2573,2243839,NO 15/9-F-14 H
886,2562,2246401,NO 15/9-F-14 H
887,2552,2248953,NO 15/9-F-14 H
888,2545,2251498,NO 15/9-F-14 H
889,2546,2254044,NO 15/9-F-14 H
890,2541,2256585,NO 15/9-F-14 H
891,2530,2259115,NO 15/9-F-14 H
892,2413,2261528,NO 15/9-F-14 H
893,2384,2263912,NO 15/9-F-14 H
894,2383,2266295,NO 15/9-F-14 H
895,2370,2268665,NO 15/9-F-14 H
896,2377,2271042,NO 15/9-F-14 H
897,2371,2273413,NO 15/9-F-14 H
898,2363,2275776,NO 15/9-F-14 H
899,2364,2278140,NO 15/9-F-14 H
900,2361,2280501,NO 15/9-F-14 H
901,2355,2282856,NO 15/9-F-14 H
902,2360,2285216,NO 15/9-F-14 H
903,2360,2287576,NO 15/9-F-14 H
904,2358,2289934,NO 15/9-F-14 H
905,2065,2291999,NO 15/9-F-14 H
906,2307,2294306,NO 15/9-F-14 H
907,1977,2296283,NO 15/9-F-14 H
908,2314,2298597,NO 15/9-F-14 H
909,2324,2300921,NO 15/9-F-14 H
910,2328,2303249,NO 15/9-F-14 H
911,2332,2305581,NO 15/9-F-14 H
912,2326,2307907,NO 15/9-F-14 H
913,2326,2310233,NO 15/9-F-14 H
914,2326,2312559,NO 15/9-F-14 H
915,2279,2314838,NO 15/9-F-14 H
916,2279,2317117,NO 15/9-F-14 H
917,0,2317117,NO 15/9-F-14 H
918,0,2317117,NO 15/9-F-14 H
919,0,2317117,NO 15/9-F-14 H
920,0,2317117,NO 15/9-F-14 H
921,0,2317117,NO 15/9-F-14 H
922,0,2317117,NO 15/9-F-14 H
923,0,2317117,NO 15/9-F-14 H
924,0,2317117,NO 15/9-F-14 H
925,0,2317117,NO 15/9-F-14 H
926,0,2317117,NO 15/9-F-14 H
927,0,2317117,NO 15/9-F-14 H
928,0,2317117,NO 15/9-F-14 H
929,1114,2318231,NO 15/9-F-14 H
930,1536,2319767,NO 15/9-F-14 H
931,1426,2321193,NO 15/9-F-14 H
932,1529,2322722,NO 15/9-F-14 H
933,2455,2325177,NO 15/9-F-14 H
934,2248,2327425,NO 15/9-F-14 H
935,2286,2329711,NO 15/9-F-14 H
936,2230,2331941,NO 15/9-F-14 H
937,2206,2334147,NO 15/9-F-14 H
938,2234,2336381,NO 15/9-F-14 H
939,2235,2338616,NO 15/9-F-14 H
940,2287,2340903,NO 15/9-F-14 H
941,2393,2343296,NO 15/9-F-14 H
942,2041,2345337,NO 15/9-F-14 H
943,0,2345337,NO 15/9-F-14 H
944,1133,2346470,NO 15/9-F-14 H
945,142,2346612,NO 15/9-F-14 H
946,0,2346612,NO 15/9-F-14 H
947,512,2347124,NO 15/9-F-14 H
948,1935,2349059,NO 15/9-F-14 H
949,1071,2350130,NO 15/9-F-14 H
950,0,2350130,NO 15/9-F-14 H
951,863,2350993,NO 15/9-F-14 H
952,2517,2353510,NO 15/9-F-14 H
953,2502,2356012,NO 15/9-F-14 H
954,2759,2358771,NO 15/9-F-14 H
955,2718,2361489,NO 15/9-F-14 H
956,2794,2364283,NO 15/9-F-14 H
957,2678,2366961,NO 15/9-F-14 H
958,2845,2369806,NO 15/9-F-14 H
959,2825,2372631,NO 15/9-F-14 H
960,2847,2375478,NO 15/9-F-14 H
961,1122,2376600,NO 15/9-F-14 H
962,2653,2379253,NO 15/9-F-14 H
963,2857,2382110,NO 15/9-F-14 H
964,2804,2384914,NO 15/9-F-14 H
965,2863,2387777,NO 15/9-F-14 H
966,2897,2390674,NO 15/9-F-14 H
967,2729,2393403,NO 15/9-F-14 H
968,2605,2396008,NO 15/9-F-14 H
969,2262,2398270,NO 15/9-F-14 H
970,2563,2400833,NO 15/9-F-14 H
971,2581,2403414,NO 15/9-F-14 H
972,2563,2405977,NO 15/9-F-14 H
973,2547,2408524,NO 15/9-F-14 H
974,2523,2411047,NO 15/9-F-14 H
975,2537,2413584,NO 15/9-F-14 H
976,2530,2416114,NO 15/9-F-14 H
977,2529,2418643,NO 15/9-F-14 H
978,2527,2421170,NO 15/9-F-14 H
979,2514,2423684,NO 15/9-F-14 H
980,2494,2426178,NO 15/9-F-14 H
981,2471,2428649,NO 15/9-F-14 H
982,2459,2431108,NO 15/9-F-14 H
983,2431,2433539,NO 15/9-F-14 H
984,2434,2435973,NO 15/9-F-14 H
985,2434,2438407,NO 15/9-F-14 H
986,2417,2440824,NO 15/9-F-14 H
987,2403,2443227,NO 15/9-F-14 H
988,2399,2445626,NO 15/9-F-14 H
989,2417,2448043,NO 15/9-F-14 H
990,2411,2450454,NO 15/9-F-14 H
991,2407,2452861,NO 15/9-F-14 H
992,2497,2455358,NO 15/9-F-14 H
993,2377,2457735,NO 15/9-F-14 H
994,2351,2460086,NO 15/9-F-14 H
995,2353,2462439,NO 15/9-F-14 H
996,2364,2464803,NO 15/9-F-14 H
997,2364,2467167,NO 15/9-F-14 H
998,2352,2469519,NO 15/9-F-14 H
999,2365,2471884,NO 15/9-F-14 H
1000,1873,2473757,NO 15/9-F-14 H
1001,2170,2475927,NO 15/9-F-14 H
1002,1435,2477362,NO 15/9-F-14 H
1003,2221,2479583,NO 15/9-F-14 H
1004,2227,2481810,NO 15/9-F-14 H
1005,2220,2484030,NO 15/9-F-14 H
1006,2191,2486221,NO 15/9-F-14 H
1007,299,2486520,NO 15/9-F-14 H
1008,1630,2488150,NO 15/9-F-14 H
1009,1926,2490076,NO 15/9-F-14 H
1010,2259,2492335,NO 15/9-F-14 H
1011,2193,2494528,NO 15/9-F-14 H
1012,2175,2496703,NO 15/9-F-14 H
1013,2187,2498890,NO 15/9-F-14 H
1014,2133,2501023,NO 15/9-F-14 H
1015,2113,2503136,NO 15/9-F-14 H
1016,2113,2505249,NO 15/9-F-14 H
1017,2108,2507357,NO 15/9-F-14 H
1018,2113,2509470,NO 15/9-F-14 H
1019,2115,2511585,NO 15/9-F-14 H
1020,2121,2513706,NO 15/9-F-14 H
1021,2126,2515832,NO 15/9-F-14 H
1022,2083,2517915,NO 15/9-F-14 H
1023,2081,2519996,NO 15/9-F-14 H
1024,2070,2522066,NO 15/9-F-14 H
1025,2066,2524132,NO 15/9-F-14 H
1026,2054,2526186,NO 15/9-F-14 H
1027,2051,2528237,NO 15/9-F-14 H
1028,2096,2530333,NO 15/9-F-14 H
1029,2101,2532434,NO 15/9-F-14 H
1030,2099,2534533,NO 15/9-F-14 H
1031,1772,2536305,NO 15/9-F-14 H
1032,2055,2538360,NO 15/9-F-14 H
1033,2056,2540416,NO 15/9-F-14 H
1034,2064,2542480,NO 15/9-F-14 H
1035,2080,2544560,NO 15/9-F-14 H
1036,2068,2546628,NO 15/9-F-14 H
1037,2065,2548693,NO 15/9-F-14 H
1038,2078,2550771,NO 15/9-F-14 H
1039,2074,2552845,NO 15/9-F-14 H
1040,2073,2554918,NO 15/9-F-14 H
1041,2062,2556980,NO 15/9-F-14 H
1042,2068,2559048,NO 15/9-F-14 H
1043,2079,2561127,NO 15/9-F-14 H
1044,2086,2563213,NO 15/9-F-14 H
1045,2110,2565323,NO 15/9-F-14 H
1046,2107,2567430,NO 15/9-F-14 H
1047,2098,2569528,NO 15/9-F-14 H
1048,2092,2571620,NO 15/9-F-14 H
1049,2083,2573703,NO 15/9-F-14 H
1050,1941,2575644,NO 15/9-F-14 H
1051,2028,2577672,NO 15/9-F-14 H
1052,2061,2579733,NO 15/9-F-14 H
1053,2065,2581798,NO 15/9-F-14 H
1054,2074,2583872,NO 15/9-F-14 H
1055,2027,2585899,NO 15/9-F-14 H
1056,1996,2587895,NO 15/9-F-14 H
1057,1965,2589860,NO 15/9-F-14 H
1058,1977,2591837,NO 15/9-F-14 H
1059,1974,2593811,NO 15/9-F-14 H
1060,1982,2595793,NO 15/9-F-14 H
1061,1981,2597774,NO 15/9-F-14 H
1062,1977,2599751,NO 15/9-F-14 H
1063,1965,2601716,NO 15/9-F-14 H
1064,1961,2603677,NO 15/9-F-14 H
1065,1998,2605675,NO 15/9-F-14 H
1066,1956,2607631,NO 15/9-F-14 H
1067,1971,2609602,NO 15/9-F-14 H
1068,1967,2611569,NO 15/9-F-14 H
1069,1961,2613530,NO 15/9-F-14 H
1070,2013,2615543,NO 15/9-F-14 H
1071,2005,2617548,NO 15/9-F-14 H
1072,1990,2619538,NO 15/9-F-14 H
1073,1972,2621510,NO 15/9-F-14 H
1074,1999,2623509,NO 15/9-F-14 H
1075,2006,2625515,NO 15/9-F-14 H
1076,1964,2627479,NO 15/9-F-14 H
1077,1965,2629444,NO 15/9-F-14 H
1078,1945,2631389,NO 15/9-F-14 H
1079,1949,2633338,NO 15/9-F-14 H
1080,1942,2635280,NO 15/9-F-14 H
1081,1947,2637227,NO 15/9-F-14 H
1082,1976,2639203,NO 15/9-F-14 H
1083,1975,2641178,NO 15/9-F-14 H
1084,1947,2643125,NO 15/9-F-14 H
1085,1179,2644304,NO 15/9-F-14 H
1086,1179,2645483,NO 15/9-F-14 H
1087,1179,2646662,NO 15/9-F-14 H
1088,1179,2647841,NO 15/9-F-14 H
1089,793,2648634,NO 15/9-F-14 H
1090,1581,2650215,NO 15/9-F-14 H
1091,1865,2652080,NO 15/9-F-14 H
1092,1856,2653936,NO 15/9-F-14 H
1093,1852,2655788,NO 15/9-F-14 H
1094,1899,2657687,NO 15/9-F-14 H
1095,1892,2659579,NO 15/9-F-14 H
1096,1866,2661445,NO 15/9-F-14 H
1097,1428,2662873,NO 15/9-F-14 H
1098,638,2663511,NO 15/9-F-14 H
1099,1498,2665009,NO 15/9-F-14 H
1100,1875,2666884,NO 15/9-F-14 H
1101,1979,2668863,NO 15/9-F-14 H
1102,1965,2670828,NO 15/9-F-14 H
1103,1972,2672800,NO 15/9-F-14 H
1104,1973,2674773,NO 15/9-F-14 H
1105,1973,2676746,NO 15/9-F-14 H
1106,2021,2678767,NO 15/9-F-14 H
1107,2022,2680789,NO 15/9-F-14 H
1108,2008,2682797,NO 15/9-F-14 H
1109,2002,2684799,NO 15/9-F-14 H
1110,1985,2686784,NO 15/9-F-14 H
1111,1976,2688760,NO 15/9-F-14 H
1112,1969,2690729,NO 15/9-F-14 H
1113,1977,2692706,NO 15/9-F-14 H
1114,1960,2694666,NO 15/9-F-14 H
1115,1947,2696613,NO 15/9-F-14 H
1116,1959,2698572,NO 15/9-F-14 H
1117,1943,2700515,NO 15/9-F-14 H
1118,1943,2702458,NO 15/9-F-14 H
1119,1934,2704392,NO 15/9-F-14 H
1120,1920,2706312,NO 15/9-F-14 H
1121,1919,2708231,NO 15/9-F-14 H
1122,1932,2710163,NO 15/9-F-14 H
1123,1898,2712061,NO 15/9-F-14 H
1124,1907,2713968,NO 15/9-F-14 H
1125,1906,2715874,NO 15/9-F-14 H
1126,1902,2717776,NO 15/9-F-14 H
1127,1876,2719652,NO 15/9-F-14 H
1128,1856,2721508,NO 15/9-F-14 H
1129,808,2722316,NO 15/9-F-14 H
1130,1719,2724035,NO 15/9-F-14 H
1131,1763,2725798,NO 15/9-F-14 H
1132,1752,2727550,NO 15/9-F-14 H
1133,1728,2729278,NO 15/9-F-14 H
1134,1818,2731096,NO 15/9-F-14 H
1135,1846,2732942,NO 15/9-F-14 H
1136,1842,2734784,NO 15/9-F-14 H
1137,1838,2736622,NO 15/9-F-14 H
1138,1838,2738460,NO 15/9-F-14 H
1139,1753,2740213,NO 15/9-F-14 H
1140,1822,2742035,NO 15/9-F-14 H
1141,1813,2743848,NO 15/9-F-14 H
1142,1801,2745649,NO 15/9-F-14 H
1143,1792,2747441,NO 15/9-F-14 H
1144,1801,2749242,NO 15/9-F-14 H
1145,1793,2751035,NO 15/9-F-14 H
1146,1787,2752822,NO 15/9-F-14 H
1147,1782,2754604,NO 15/9-F-14 H
1148,1555,2756159,NO 15/9-F-14 H
1149,1769,2757928,NO 15/9-F-14 H
1150,1776,2759704,NO 15/9-F-14 H
1151,1773,2761477,NO 15/9-F-14 H
1152,1787,2763264,NO 15/9-F-14 H
1153,1784,2765048,NO 15/9-F-14 H
1154,1789,2766837,NO 15/9-F-14 H
1155,1790,2768627,NO 15/9-F-14 H
1156,1533,2770160,NO 15/9-F-14 H
1157,1761,2771921,NO 15/9-F-14 H
1158,1746,2773667,NO 15/9-F-14 H
1159,1733,2775400,NO 15/9-F-14 H
1160,1724,2777124,NO 15/9-F-14 H
1161,1714,2778838,NO 15/9-F-14 H
1162,1710,2780548,NO 15/9-F-14 H
1163,1708,2782256,NO 15/9-F-14 H
1164,1706,2783962,NO 15/9-F-14 H
1165,1703,2785665,NO 15/9-F-14 H
1166,1700,2787365,NO 15/9-F-14 H
1167,1700,2789065,NO 15/9-F-14 H
1168,1696,2790761,NO 15/9-F-14 H
1169,1690,2792451,NO 15/9-F-14 H
1170,1691,2794142,NO 15/9-F-14 H
1171,1708,2795850,NO 15/9-F-14 H
1172,1704,2797554,NO 15/9-F-14 H
1173,1700,2799254,NO 15/9-F-14 H
1174,1699,2800953,NO 15/9-F-14 H
1175,1698,2802651,NO 15/9-F-14 H
1176,1692,2804343,NO 15/9-F-14 H
1177,1702,2806045,NO 15/9-F-14 H
1178,1699,2807744,NO 15/9-F-14 H
1179,1696,2809440,NO 15/9-F-14 H
1180,1695,2811135,NO 15/9-F-14 H
1181,1696,2812831,NO 15/9-F-14 H
1182,1689,2814520,NO 15/9-F-14 H
1183,1687,2816207,NO 15/9-F-14 H
1184,1671,2817878,NO 15/9-F-14 H
1185,1713,2819591,NO 15/9-F-14 H
1186,1651,2821242,NO 15/9-F-14 H
1187,1651,2822893,NO 15/9-F-14 H
1188,1649,2824542,NO 15/9-F-14 H
1189,1650,2826192,NO 15/9-F-14 H
1190,1648,2827840,NO 15/9-F-14 H
1191,1648,2829488,NO 15/9-F-14 H
1192,1312,2830800,NO 15/9-F-14 H
1193,1605,2832405,NO 15/9-F-14 H
1194,1680,2834085,NO 15/9-F-14 H
1195,1662,2835747,NO 15/9-F-14 H
1196,1630,2837377,NO 15/9-F-14 H
1197,1631,2839008,NO 15/9-F-14 H
1198,1633,2840641,NO 15/9-F-14 H
1199,1624,2842265,NO 15/9-F-14 H
1200,1621,2843886,NO 15/9-F-14 H
1201,1619,2845505,NO 15/9-F-14 H
1202,1624,2847129,NO 15/9-F-14 H
1203,1627,2848756,NO 15/9-F-14 H
1204,1623,2850379,NO 15/9-F-14 H
1205,1632,2852011,NO 15/9-F-14 H
1206,1360,2853371,NO 15/9-F-14 H
1207,1547,2854918,NO 15/9-F-14 H
1208,1577,2856495,NO 15/9-F-14 H
1209,1588,2858083,NO 15/9-F-14 H
1210,1617,2859700,NO 15/9-F-14 H
1211,1616,2861316,NO 15/9-F-14 H
1212,1608,2862924,NO 15/9-F-14 H
1213,1614,2864538,NO 15/9-F-14 H
1214,1615,2866153,NO 15/9-F-14 H
1215,1616,2867769,NO 15/9-F-14 H
1216,1626,2869395,NO 15/9-F-14 H
1217,1630,2871025,NO 15/9-F-14 H
1218,1622,2872647,NO 15/9-F-14 H
1219,1617,2874264,NO 15/9-F-14 H
1220,1565,2875829,NO 15/9-F-14 H
1221,1582,2877411,NO 15/9-F-14 H
1222,1617,2879028,NO 15/9-F-14 H
1223,1617,2880645,NO 15/9-F-14 H
1224,928,2881573,NO 15/9-F-14 H
1225,928,2882501,NO 15/9-F-14 H
1226,928,2883429,NO 15/9-F-14 H
1227,928,2884357,NO 15/9-F-14 H
1228,0,2884357,NO 15/9-F-14 H
1229,0,2884357,NO 15/9-F-14 H
1230,0,2884357,NO 15/9-F-14 H
1231,0,2884357,NO 15/9-F-14 H
1232,0,2884357,NO 15/9-F-14 H
1233,0,2884357,NO 15/9-F-14 H
1234,0,2884357,NO 15/9-F-14 H
1235,1344,2885701,NO 15/9-F-14 H
1236,546,2886247,NO 15/9-F-14 H
1237,401,2886648,NO 15/9-F-14 H
1238,646,2887294,NO 15/9-F-14 H
1239,0,2887294,NO 15/9-F-14 H
1240,0,2887294,NO 15/9-F-14 H
1241,514,2887808,NO 15/9-F-14 H
1242,1263,2889071,NO 15/9-F-14 H
1243,19,2889090,NO 15/9-F-14 H
1244,1832,2890922,NO 15/9-F-14 H
1245,1508,2892430,NO 15/9-F-14 H
1246,1508,2893938,NO 15/9-F-14 H
1247,0,2893938,NO 15/9-F-14 H
1248,0,2893938,NO 15/9-F-14 H
1249,141,2894079,NO 15/9-F-14 H
1250,815,2894894,NO 15/9-F-14 H
1251,0,2894894,NO 15/9-F-14 H
1252,0,2894894,NO 15/9-F-14 H
1253,0,2894894,NO 15/9-F-14 H
1254,1791,2896685,NO 15/9-F-14 H
1255,2198,2898883,NO 15/9-F-14 H
1256,698,2899581,NO 15/9-F-14 H
1257,0,2899581,NO 15/9-F-14 H
1258,0,2899581,NO 15/9-F-14 H
1259,1417,2900998,NO 15/9-F-14 H
1260,1990,2902988,NO 15/9-F-14 H
1261,0,2902988,NO 15/9-F-14 H
1262,581,2903569,NO 15/9-F-14 H
1263,2241,2905810,NO 15/9-F-14 H
1264,266,2906076,NO 15/9-F-14 H
1265,0,2906076,NO 15/9-F-14 H
1266,0,2906076,NO 15/9-F-14 H
1267,0,2906076,NO 15/9-F-14 H
1268,0,2906076,NO 15/9-F-14 H
1269,708,2906784,NO 15/9-F-14 H
1270,2390,2909174,NO 15/9-F-14 H
1271,2083,2911257,NO 15/9-F-14 H
1272,2241,2913498,NO 15/9-F-14 H
1273,2159,2915657,NO 15/9-F-14 H
1274,2110,2917767,NO 15/9-F-14 H
1275,1994,2919761,NO 15/9-F-14 H
1276,1934,2921695,NO 15/9-F-14 H
1277,1907,2923602,NO 15/9-F-14 H
1278,1877,2925479,NO 15/9-F-14 H
1279,1850,2927329,NO 15/9-F-14 H
1280,1823,2929152,NO 15/9-F-14 H
1281,1779,2930931,NO 15/9-F-14 H
1282,1749,2932680,NO 15/9-F-14 H
1283,1737,2934417,NO 15/9-F-14 H
1284,1726,2936143,NO 15/9-F-14 H
1285,1710,2937853,NO 15/9-F-14 H
1286,1694,2939547,NO 15/9-F-14 H
1287,1681,2941228,NO 15/9-F-14 H
1288,1678,2942906,NO 15/9-F-14 H
1289,1657,2944563,NO 15/9-F-14 H
1290,1573,2946136,NO 15/9-F-14 H
1291,1352,2947488,NO 15/9-F-14 H
1292,1620,2949108,NO 15/9-F-14 H
1293,1627,2950735,NO 15/9-F-14 H
1294,1661,2952396,NO 15/9-F-14 H
1295,1709,2954105,NO 15/9-F-14 H
1296,1701,2955806,NO 15/9-F-14 H
1297,1699,2957505,NO 15/9-F-14 H
1298,1715,2959220,NO 15/9-F-14 H
1299,1713,2960933,NO 15/9-F-14 H
1300,1711,2962644,NO 15/9-F-14 H
1301,1715,2964359,NO 15/9-F-14 H
1302,1712,2966071,NO 15/9-F-14 H
1303,1708,2967779,NO 15/9-F-14 H
1304,1715,2969494,NO 15/9-F-14 H
1305,1718,2971212,NO 15/9-F-14 H
1306,1707,2972919,NO 15/9-F-14 H
1307,1700,2974619,NO 15/9-F-14 H
1308,1710,2976329,NO 15/9-F-14 H
1309,944,2977273,NO 15/9-F-14 H
1310,1568,2978841,NO 15/9-F-14 H
1311,1611,2980452,NO 15/9-F-14 H
1312,1732,2982184,NO 15/9-F-14 H
1313,1748,2983932,NO 15/9-F-14 H
1314,1755,2985687,NO 15/9-F-14 H
1315,1765,2987452,NO 15/9-F-14 H
1316,1776,2989228,NO 15/9-F-14 H
1317,1759,2990987,NO 15/9-F-14 H
1318,1790,2992777,NO 15/9-F-14 H
1319,1809,2994586,NO 15/9-F-14 H
1320,1804,2996390,NO 15/9-F-14 H
1321,1804,2998194,NO 15/9-F-14 H
1322,1803,2999997,NO 15/9-F-14 H
1323,1798,3001795,NO 15/9-F-14 H
1324,1685,3003480,NO 15/9-F-14 H
1325,1700,3005180,NO 15/9-F-14 H
1326,1678,3006858,NO 15/9-F-14 H
1327,1672,3008530,NO 15/9-F-14 H
1328,1662,3010192,NO 15/9-F-14 H
1329,1657,3011849,NO 15/9-F-14 H
1330,1650,3013499,NO 15/9-F-14 H
1331,1647,3015146,NO 15/9-F-14 H
1332,1644,3016790,NO 15/9-F-14 H
1333,1128,3017918,NO 15/9-F-14 H
1334,680,3018598,NO 15/9-F-14 H
1335,1501,3020099,NO 15/9-F-14 H
1336,1480,3021579,NO 15/9-F-14 H
1337,1538,3023117,NO 15/9-F-14 H
1338,1552,3024669,NO 15/9-F-14 H
1339,1567,3026236,NO 15/9-F-14 H
1340,1219,3027455,NO 15/9-F-14 H
1341,1211,3028666,NO 15/9-F-14 H
1342,1211,3029877,NO 15/9-F-14 H
1343,1211,3031088,NO 15/9-F-14 H
1344,1211,3032299,NO 15/9-F-14 H
1345,0,3032299,NO 15/9-F-14 H
1346,0,3032299,NO 15/9-F-14 H
1347,0,3032299,NO 15/9-F-14 H
1348,0,3032299,NO 15/9-F-14 H
1349,0,3032299,NO 15/9-F-14 H
1350,0,3032299,NO 15/9-F-14 H
1351,0,3032299,NO 15/9-F-14 H
1352,0,3032299,NO 15/9-F-14 H
1353,0,3032299,NO 15/9-F-14 H
1354,0,3032299,NO 15/9-F-14 H
1355,0,3032299,NO 15/9-F-14 H
1356,0,3032299,NO 15/9-F-14 H
1357,0,3032299,NO 15/9-F-14 H
1358,0,3032299,NO 15/9-F-14 H
1359,0,3032299,NO 15/9-F-14 H
1360,0,3032299,NO 15/9-F-14 H
1361,0,3032299,NO 15/9-F-14 H
1362,502,3032801,NO 15/9-F-14 H
1363,1734,3034535,NO 15/9-F-14 H
1364,1807,3036342,NO 15/9-F-14 H
1365,1865,3038207,NO 15/9-F-14 H
1366,1893,3040100,NO 15/9-F-14 H
1367,1932,3042032,NO 15/9-F-14 H
1368,1094,3043126,NO 15/9-F-14 H
1369,960,3044086,NO 15/9-F-14 H
1370,1896,3045982,NO 15/9-F-14 H
1371,1894,3047876,NO 15/9-F-14 H
1372,1881,3049757,NO 15/9-F-14 H
1373,1873,3051630,NO 15/9-F-14 H
1374,1862,3053492,NO 15/9-F-14 H
1375,1847,3055339,NO 15/9-F-14 H
1376,1830,3057169,NO 15/9-F-14 H
1377,1811,3058980,NO 15/9-F-14 H
1378,1793,3060773,NO 15/9-F-14 H
1379,1775,3062548,NO 15/9-F-14 H
1380,1754,3064302,NO 15/9-F-14 H
1381,1691,3065993,NO 15/9-F-14 H
1382,1691,3067684,NO 15/9-F-14 H
1383,1691,3069375,NO 15/9-F-14 H
1384,1691,3071066,NO 15/9-F-14 H
1385,1351,3072417,NO 15/9-F-14 H
1386,1351,3073768,NO 15/9-F-14 H
1387,1351,3075119,NO 15/9-F-14 H
1388,1351,3076470,NO 15/9-F-14 H
1389,1349,3077819,NO 15/9-F-14 H
1390,1349,3079168,NO 15/9-F-14 H
1391,1349,3080517,NO 15/9-F-14 H
1392,1359,3081876,NO 15/9-F-14 H
1393,568,3082444,NO 15/9-F-14 H
1394,1375,3083819,NO 15/9-F-14 H
1395,1270,3085089,NO 15/9-F-14 H
1396,1270,3086359,NO 15/9-F-14 H
1397,567,3086926,NO 15/9-F-14 H
1398,1860,3088786,NO 15/9-F-14 H
1399,1940,3090726,NO 15/9-F-14 H
1400,571,3091297,NO 15/9-F-14 H
1401,571,3091868,NO 15/9-F-14 H
1402,1814,3093682,NO 15/9-F-14 H
1403,1944,3095626,NO 15/9-F-14 H
1404,1827,3097453,NO 15/9-F-14 H
1405,1157,3098610,NO 15/9-F-14 H
1406,1904,3100514,NO 15/9-F-14 H
1407,1898,3102412,NO 15/9-F-14 H
1408,1893,3104305,NO 15/9-F-14 H
1409,1867,3106172,NO 15/9-F-14 H
1410,1855,3108027,NO 15/9-F-14 H
1411,1550,3109577,NO 15/9-F-14 H
1412,1550,3111127,NO 15/9-F-14 H
1413,0,3111127,NO 15/9-F-14 H
1414,1036,3112163,NO 15/9-F-14 H
1415,898,3113061,NO 15/9-F-14 H
1416,159,3113220,NO 15/9-F-14 H
1417,1727,3114947,NO 15/9-F-14 H
1418,1778,3116725,NO 15/9-F-14 H
1419,1772,3118497,NO 15/9-F-14 H
1420,1777,3120274,NO 15/9-F-14 H
1421,1777,3122051,NO 15/9-F-14 H
1422,1777,3123828,NO 15/9-F-14 H
1423,1777,3125605,NO 15/9-F-14 H
1424,1777,3127382,NO 15/9-F-14 H
1425,1777,3129159,NO 15/9-F-14 H
1426,1777,3130936,NO 15/9-F-14 H
1427,1777,3132713,NO 15/9-F-14 H
1428,1777,3134490,NO 15/9-F-14 H
1429,1777,3136267,NO 15/9-F-14 H
1430,1777,3138044,NO 15/9-F-14 H
1431,1777,3139821,NO 15/9-F-14 H
1432,108,3139929,NO 15/9-F-14 H
1433,1931,3141860,NO 15/9-F-14 H
1434,1984,3143844,NO 15/9-F-14 H
1435,1985,3145829,NO 15/9-F-14 H
1436,2005,3147834,NO 15/9-F-14 H
1437,2025,3149859,NO 15/9-F-14 H
1438,2000,3151859,NO 15/9-F-14 H
1439,1247,3153106,NO 15/9-F-14 H
1440,1479,3154585,NO 15/9-F-14 H
1441,1865,3156450,NO 15/9-F-14 H
1442,1852,3158302,NO 15/9-F-14 H
1443,1457,3159759,NO 15/9-F-14 H
1444,1457,3161216,NO 15/9-F-14 H
1445,996,3162212,NO 15/9-F-14 H
1446,1721,3163933,NO 15/9-F-14 H
1447,95,3164028,NO 15/9-F-14 H
1448,20,3164048,NO 15/9-F-14 H
1449,992,3165040,NO 15/9-F-14 H
1450,1299,3166339,NO 15/9-F-14 H
1451,1361,3167700,NO 15/9-F-14 H
1452,1342,3169042,NO 15/9-F-14 H
1453,1312,3170354,NO 15/9-F-14 H
1454,1283,3171637,NO 15/9-F-14 H
1455,1302,3172939,NO 15/9-F-14 H
1456,1269,3174208,NO 15/9-F-14 H
1457,1271,3175479,NO 15/9-F-14 H
1458,1053,3176532,NO 15/9-F-14 H
1459,1247,3177779,NO 15/9-F-14 H
1460,1276,3179055,NO 15/9-F-14 H
1461,1301,3180356,NO 15/9-F-14 H
1462,1283,3181639,NO 15/9-F-14 H
1463,1300,3182939,NO 15/9-F-14 H
1464,1295,3184234,NO 15/9-F-14 H
1465,1296,3185530,NO 15/9-F-14 H
1466,1286,3186816,NO 15/9-F-14 H
1467,1275,3188091,NO 15/9-F-14 H
1468,1263,3189354,NO 15/9-F-14 H
1469,1253,3190607,NO 15/9-F-14 H
1470,1247,3191854,NO 15/9-F-14 H
1471,1246,3193100,NO 15/9-F-14 H
1472,1249,3194349,NO 15/9-F-14 H
1473,1249,3195598,NO 15/9-F-14 H
1474,1250,3196848,NO 15/9-F-14 H
1475,1249,3198097,NO 15/9-F-14 H
1476,1248,3199345,NO 15/9-F-14 H
1477,1248,3200593,NO 15/9-F-14 H
1478,1243,3201836,NO 15/9-F-14 H
1479,1238,3203074,NO 15/9-F-14 H
1480,1244,3204318,NO 15/9-F-14 H
1481,1237,3205555,NO 15/9-F-14 H
1482,1247,3206802,NO 15/9-F-14 H
1483,1249,3208051,NO 15/9-F-14 H
1484,1249,3209300,NO 15/9-F-14 H
1485,1252,3210552,NO 15/9-F-14 H
1486,1247,3211799,NO 15/9-F-14 H
1487,1244,3213043,NO 15/9-F-14 H
1488,1244,3214287,NO 15/9-F-14 H
1489,1236,3215523,NO 15/9-F-14 H
1490,1238,3216761,NO 15/9-F-14 H
1491,1082,3217843,NO 15/9-F-14 H
1492,1222,3219065,NO 15/9-F-14 H
1493,1076,3220141,NO 15/9-F-14 H
1494,1203,3221344,NO 15/9-F-14 H
1495,1215,3222559,NO 15/9-F-14 H
1496,1220,3223779,NO 15/9-F-14 H
1497,1225,3225004,NO 15/9-F-14 H
1498,1235,3226239,NO 15/9-F-14 H
1499,1242,3227481,NO 15/9-F-14 H
1500,1246,3228727,NO 15/9-F-14 H
1501,1031,3229758,NO 15/9-F-14 H
1502,239,3229997,NO 15/9-F-14 H
1503,371,3230368,NO 15/9-F-14 H
1504,392,3230760,NO 15/9-F-14 H
1505,691,3231451,NO 15/9-F-14 H
1506,1268,3232719,NO 15/9-F-14 H
1507,1272,3233991,NO 15/9-F-14 H
1508,1293,3235284,NO 15/9-F-14 H
1509,1298,3236582,NO 15/9-F-14 H
1510,1301,3237883,NO 15/9-F-14 H
1511,1309,3239192,NO 15/9-F-14 H
1512,1306,3240498,NO 15/9-F-14 H
1513,1302,3241800,NO 15/9-F-14 H
1514,1300,3243100,NO 15/9-F-14 H
1515,1295,3244395,NO 15/9-F-14 H
1516,1290,3245685,NO 15/9-F-14 H
1517,1280,3246965,NO 15/9-F-14 H
1518,1277,3248242,NO 15/9-F-14 H
1519,1251,3249493,NO 15/9-F-14 H
1520,1241,3250734,NO 15/9-F-14 H
1521,1235,3251969,NO 15/9-F-14 H
1522,1214,3253183,NO 15/9-F-14 H
1523,1209,3254392,NO 15/9-F-14 H
1524,1201,3255593,NO 15/9-F-14 H
1525,1198,3256791,NO 15/9-F-14 H
1526,1194,3257985,NO 15/9-F-14 H
1527,1179,3259164,NO 15/9-F-14 H
1528,1177,3260341,NO 15/9-F-14 H
1529,1175,3261516,NO 15/9-F-14 H
1530,1192,3262708,NO 15/9-F-14 H
1531,1193,3263901,NO 15/9-F-14 H
1532,1185,3265086,NO 15/9-F-14 H
1533,1183,3266269,NO 15/9-F-14 H
1534,1182,3267451,NO 15/9-F-14 H
1535,1178,3268629,NO 15/9-F-14 H
1536,1171,3269800,NO 15/9-F-14 H
1537,1188,3270988,NO 15/9-F-14 H
1538,1030,3272018,NO 15/9-F-14 H
1539,1075,3273093,NO 15/9-F-14 H
1540,1092,3274185,NO 15/9-F-14 H
1541,1097,3275282,NO 15/9-F-14 H
1542,1116,3276398,NO 15/9-F-14 H
1543,1123,3277521,NO 15/9-F-14 H
1544,1126,3278647,NO 15/9-F-14 H
1545,1129,3279776,NO 15/9-F-14 H
1546,1179,3280955,NO 15/9-F-14 H
1547,1190,3282145,NO 15/9-F-14 H
1548,1190,3283335,NO 15/9-F-14 H
1549,1186,3284521,NO 15/9-F-14 H
1550,1184,3285705,NO 15/9-F-14 H
1551,1166,3286871,NO 15/9-F-14 H
1552,1167,3288038,NO 15/9-F-14 H
1553,1166,3289204,NO 15/9-F-14 H
1554,1163,3290367,NO 15/9-F-14 H
1555,1161,3291528,NO 15/9-F-14 H
1556,1163,3292691,NO 15/9-F-14 H
1557,1163,3293854,NO 15/9-F-14 H
1558,1165,3295019,NO 15/9-F-14 H
1559,1141,3296160,NO 15/9-F-14 H
1560,1142,3297302,NO 15/9-F-14 H
1561,869,3298171,NO 15/9-F-14 H
1562,1059,3299230,NO 15/9-F-14 H
1563,1088,3300318,NO 15/9-F-14 H
1564,1096,3301414,NO 15/9-F-14 H
1565,1106,3302520,NO 15/9-F-14 H
1566,1117,3303637,NO 15/9-F-14 H
1567,1127,3304764,NO 15/9-F-14 H
1568,1131,3305895,NO 15/9-F-14 H
1569,1125,3307020,NO 15/9-F-14 H
1570,1125,3308145,NO 15/9-F-14 H
1571,1125,3309270,NO 15/9-F-14 H
1572,1123,3310393,NO 15/9-F-14 H
1573,1118,3311511,NO 15/9-F-14 H
1574,1116,3312627,NO 15/9-F-14 H
1575,1112,3313739,NO 15/9-F-14 H
1576,1117,3314856,NO 15/9-F-14 H
1577,1102,3315958,NO 15/9-F-14 H
1578,1098,3317056,NO 15/9-F-14 H
1579,1097,3318153,NO 15/9-F-14 H
1580,1102,3319255,NO 15/9-F-14 H
1581,1086,3320341,NO 15/9-F-14 H
1582,1096,3321437,NO 15/9-F-14 H
1583,935,3322372,NO 15/9-F-14 H
1584,1055,3323427,NO 15/9-F-14 H
1585,1068,3324495,NO 15/9-F-14 H
1586,1077,3325572,NO 15/9-F-14 H
1587,1081,3326653,NO 15/9-F-14 H
1588,1079,3327732,NO 15/9-F-14 H
1589,1081,3328813,NO 15/9-F-14 H
1590,634,3329447,NO 15/9-F-14 H
1591,946,3330393,NO 15/9-F-14 H
1592,992,3331385,NO 15/9-F-14 H
1593,1012,3332397,NO 15/9-F-14 H
1594,1019,3333416,NO 15/9-F-14 H
1595,1023,3334439,NO 15/9-F-14 H
1596,1023,3335462,NO 15/9-F-14 H
1597,1081,3336543,NO 15/9-F-14 H
1598,1086,3337629,NO 15/9-F-14 H
1599,1090,3338719,NO 15/9-F-14 H
1600,1091,3339810,NO 15/9-F-14 H
1601,1099,3340909,NO 15/9-F-14 H
1602,1082,3341991,NO 15/9-F-14 H
1603,1081,3343072,NO 15/9-F-14 H
1604,1080,3344152,NO 15/9-F-14 H
1605,1081,3345233,NO 15/9-F-14 H
1606,1080,3346313,NO 15/9-F-14 H
1607,1084,3347397,NO 15/9-F-14 H
1608,1081,3348478,NO 15/9-F-14 H
1609,1057,3349535,NO 15/9-F-14 H
1610,1054,3350589,NO 15/9-F-14 H
1611,1054,3351643,NO 15/9-F-14 H
1612,1057,3352700,NO 15/9-F-14 H
1613,1061,3353761,NO 15/9-F-14 H
1614,1059,3354820,NO 15/9-F-14 H
1615,1059,3355879,NO 15/9-F-14 H
1616,1059,3356938,NO 15/9-F-14 H
1617,1060,3357998,NO 15/9-F-14 H
1618,1059,3359057,NO 15/9-F-14 H
1619,1060,3360117,NO 15/9-F-14 H
1620,1059,3361176,NO 15/9-F-14 H
1621,1059,3362235,NO 15/9-F-14 H
1622,1057,3363292,NO 15/9-F-14 H
1623,1059,3364351,NO 15/9-F-14 H
1624,1060,3365411,NO 15/9-F-14 H
1625,1057,3366468,NO 15/9-F-14 H
1626,1056,3367524,NO 15/9-F-14 H
1627,1053,3368577,NO 15/9-F-14 H
1628,1049,3369626,NO 15/9-F-14 H
1629,1053,3370679,NO 15/9-F-14 H
1630,1044,3371723,NO 15/9-F-14 H
1631,1049,3372772,NO 15/9-F-14 H
1632,1046,3373818,NO 15/9-F-14 H
1633,1044,3374862,NO 15/9-F-14 H
1634,1042,3375904,NO 15/9-F-14 H
1635,1036,3376940,NO 15/9-F-14 H
1636,1031,3377971,NO 15/9-F-14 H
1637,1038,3379009,NO 15/9-F-14 H
1638,1041,3380050,NO 15/9-F-14 H
1639,1041,3381091,NO 15/9-F-14 H
1640,1036,3382127,NO 15/9-F-14 H
1641,1042,3383169,NO 15/9-F-14 H
1642,1047,3384216,NO 15/9-F-14 H
1643,1042,3385258,NO 15/9-F-14 H
1644,203,3385461,NO 15/9-F-14 H
1645,203,3385664,NO 15/9-F-14 H
1646,0,3385664,NO 15/9-F-14 H
1647,0,3385664,NO 15/9-F-14 H
1648,0,3385664,NO 15/9-F-14 H
1649,0,3385664,NO 15/9-F-14 H
1650,0,3385664,NO 15/9-F-14 H
1651,0,3385664,NO 15/9-F-14 H
1652,0,3385664,NO 15/9-F-14 H
1653,0,3385664,NO 15/9-F-14 H
1654,0,3385664,NO 15/9-F-14 H
1655,0,3385664,NO 15/9-F-14 H
1656,0,3385664,NO 15/9-F-14 H
1657,0,3385664,NO 15/9-F-14 H
1658,0,3385664,NO 15/9-F-14 H
1659,0,3385664,NO 15/9-F-14 H
1660,0,3385664,NO 15/9-F-14 H
1661,0,3385664,NO 15/9-F-14 H
1662,0,3385664,NO 15/9-F-14 H
1663,0,3385664,NO 15/9-F-14 H
1664,0,3385664,NO 15/9-F-14 H
1665,0,3385664,NO 15/9-F-14 H
1666,0,3385664,NO 15/9-F-14 H
1667,0,3385664,NO 15/9-F-14 H
1668,0,3385664,NO 15/9-F-14 H
1669,0,3385664,NO 15/9-F-14 H
1670,0,3385664,NO 15/9-F-14 H
1671,0,3385664,NO 15/9-F-14 H
1672,0,3385664,NO 15/9-F-14 H
1673,0,3385664,NO 15/9-F-14 H
1674,0,3385664,NO 15/9-F-14 H
1675,0,3385664,NO 15/9-F-14 H
1676,0,3385664,NO 15/9-F-14 H
1677,0,3385664,NO 15/9-F-14 H
1678,0,3385664,NO 15/9-F-14 H
1679,0,3385664,NO 15/9-F-14 H
1680,0,3385664,NO 15/9-F-14 H
1681,0,3385664,NO 15/9-F-14 H
1682,0,3385664,NO 15/9-F-14 H
1683,0,3385664,NO 15/9-F-14 H
1684,0,3385664,NO 15/9-F-14 H
1685,0,3385664,NO 15/9-F-14 H
1686,0,3385664,NO 15/9-F-14 H
1687,0,3385664,NO 15/9-F-14 H
1688,0,3385664,NO 15/9-F-14 H
1689,0,3385664,NO 15/9-F-14 H
1690,0,3385664,NO 15/9-F-14 H
1691,417,3386081,NO 15/9-F-14 H
1692,1238,3387319,NO 15/9-F-14 H
1693,1200,3388519,NO 15/9-F-14 H
1694,1410,3389929,NO 15/9-F-14 H
1695,1405,3391334,NO 15/9-F-14 H
1696,1458,3392792,NO 15/9-F-14 H
1697,1604,3394396,NO 15/9-F-14 H
1698,1599,3395995,NO 15/9-F-14 H
1699,1585,3397580,NO 15/9-F-14 H
1700,1578,3399158,NO 15/9-F-14 H
1701,1556,3400714,NO 15/9-F-14 H
1702,1511,3402225,NO 15/9-F-14 H
1703,1535,3403760,NO 15/9-F-14 H
1704,1325,3405085,NO 15/9-F-14 H
1705,550,3405635,NO 15/9-F-14 H
1706,206,3405841,NO 15/9-F-14 H
1707,206,3406047,NO 15/9-F-14 H
1708,206,3406253,NO 15/9-F-14 H
1709,206,3406459,NO 15/9-F-14 H
1710,206,3406665,NO 15/9-F-14 H
1711,188,3406853,NO 15/9-F-14 H
1712,892,3407745,NO 15/9-F-14 H
1713,944,3408689,NO 15/9-F-14 H
1714,1370,3410059,NO 15/9-F-14 H
1715,1368,3411427,NO 15/9-F-14 H
1716,1375,3412802,NO 15/9-F-14 H
1717,1361,3414163,NO 15/9-F-14 H
1718,1345,3415508,NO 15/9-F-14 H
1719,1345,3416853,NO 15/9-F-14 H
1720,1385,3418238,NO 15/9-F-14 H
1721,1315,3419553,NO 15/9-F-14 H
1722,1275,3420828,NO 15/9-F-14 H
1723,1263,3422091,NO 15/9-F-14 H
1724,1254,3423345,NO 15/9-F-14 H
1725,1237,3424582,NO 15/9-F-14 H
1726,1230,3425812,NO 15/9-F-14 H
1727,1222,3427034,NO 15/9-F-14 H
1728,1205,3428239,NO 15/9-F-14 H
1729,1182,3429421,NO 15/9-F-14 H
1730,1187,3430608,NO 15/9-F-14 H
1731,1192,3431800,NO 15/9-F-14 H
1732,1176,3432976,NO 15/9-F-14 H
1733,1167,3434143,NO 15/9-F-14 H
1734,1164,3435307,NO 15/9-F-14 H
1735,1168,3436475,NO 15/9-F-14 H
1736,1169,3437644,NO 15/9-F-14 H
1737,1169,3438813,NO 15/9-F-14 H
1738,1171,3439984,NO 15/9-F-14 H
1739,1180,3441164,NO 15/9-F-14 H
1740,1168,3442332,NO 15/9-F-14 H
1741,1164,3443496,NO 15/9-F-14 H
1742,1160,3444656,NO 15/9-F-14 H
1743,1157,3445813,NO 15/9-F-14 H
1744,1157,3446970,NO 15/9-F-14 H
1745,1147,3448117,NO 15/9-F-14 H
1746,1144,3449261,NO 15/9-F-14 H
1747,1145,3450406,NO 15/9-F-14 H
1748,1135,3451541,NO 15/9-F-14 H
1749,1135,3452676,NO 15/9-F-14 H
1750,1103,3453779,NO 15/9-F-14 H
1751,1090,3454869,NO 15/9-F-14 H
1752,1081,3455950,NO 15/9-F-14 H
1753,1073,3457023,NO 15/9-F-14 H
1754,1067,3458090,NO 15/9-F-14 H
1755,1061,3459151,NO 15/9-F-14 H
1756,1054,3460205,NO 15/9-F-14 H
1757,1057,3461262,NO 15/9-F-14 H
1758,1084,3462346,NO 15/9-F-14 H
1759,1054,3463400,NO 15/9-F-14 H
1760,1057,3464457,NO 15/9-F-14 H
1761,1053,3465510,NO 15/9-F-14 H
1762,1051,3466561,NO 15/9-F-14 H
1763,1052,3467613,NO 15/9-F-14 H
1764,902,3468515,NO 15/9-F-14 H
1765,426,3468941,NO 15/9-F-14 H
1766,421,3469362,NO 15/9-F-14 H
1767,891,3470253,NO 15/9-F-14 H
1768,478,3470731,NO 15/9-F-14 H
1769,972,3471703,NO 15/9-F-14 H
1770,988,3472691,NO 15/9-F-14 H
1771,992,3473683,NO 15/9-F-14 H
1772,999,3474682,NO 15/9-F-14 H
1773,1037,3475719,NO 15/9-F-14 H
1774,1038,3476757,NO 15/9-F-14 H
1775,1042,3477799,NO 15/9-F-14 H
1776,1040,3478839,NO 15/9-F-14 H
1777,1039,3479878,NO 15/9-F-14 H
1778,1044,3480922,NO 15/9-F-14 H
1779,1041,3481963,NO 15/9-F-14 H
1780,1039,3483002,NO 15/9-F-14 H
1781,1035,3484037,NO 15/9-F-14 H
1782,1039,3485076,NO 15/9-F-14 H
1783,1035,3486111,NO 15/9-F-14 H
1784,1035,3487146,NO 15/9-F-14 H
1785,1030,3488176,NO 15/9-F-14 H
1786,1005,3489181,NO 15/9-F-14 H
1787,1038,3490219,NO 15/9-F-14 H
1788,985,3491204,NO 15/9-F-14 H
1789,989,3492193,NO 15/9-F-14 H
1790,984,3493177,NO 15/9-F-14 H
1791,987,3494164,NO 15/9-F-14 H
1792,990,3495154,NO 15/9-F-14 H
1793,992,3496146,NO 15/9-F-14 H
1794,988,3497134,NO 15/9-F-14 H
1795,964,3498098,NO 15/9-F-14 H
1796,978,3499076,NO 15/9-F-14 H
1797,974,3500050,NO 15/9-F-14 H
1798,976,3501026,NO 15/9-F-14 H
1799,958,3501984,NO 15/9-F-14 H
1800,966,3502950,NO 15/9-F-14 H
1801,960,3503910,NO 15/9-F-14 H
1802,964,3504874,NO 15/9-F-14 H
1803,955,3505829,NO 15/9-F-14 H
1804,952,3506781,NO 15/9-F-14 H
1805,950,3507731,NO 15/9-F-14 H
1806,957,3508688,NO 15/9-F-14 H
1807,959,3509647,NO 15/9-F-14 H
1808,961,3510608,NO 15/9-F-14 H
1809,960,3511568,NO 15/9-F-14 H
1810,956,3512524,NO 15/9-F-14 H
1811,955,3513479,NO 15/9-F-14 H
1812,956,3514435,NO 15/9-F-14 H
1813,957,3515392,NO 15/9-F-14 H
1814,965,3516357,NO 15/9-F-14 H
1815,973,3517330,NO 15/9-F-14 H
1816,972,3518302,NO 15/9-F-14 H
1817,961,3519263,NO 15/9-F-14 H
1818,963,3520226,NO 15/9-F-14 H
1819,963,3521189,NO 15/9-F-14 H
1820,961,3522150,NO 15/9-F-14 H
1821,962,3523112,NO 15/9-F-14 H
1822,1004,3524116,NO 15/9-F-14 H
1823,978,3525094,NO 15/9-F-14 H
1824,980,3526074,NO 15/9-F-14 H
1825,966,3527040,NO 15/9-F-14 H
1826,964,3528004,NO 15/9-F-14 H
1827,961,3528965,NO 15/9-F-14 H
1828,952,3529917,NO 15/9-F-14 H
1829,953,3530870,NO 15/9-F-14 H
1830,959,3531829,NO 15/9-F-14 H
1831,964,3532793,NO 15/9-F-14 H
1832,964,3533757,NO 15/9-F-14 H
1833,967,3534724,NO 15/9-F-14 H
1834,956,3535680,NO 15/9-F-14 H
1835,913,3536593,NO 15/9-F-14 H
1836,959,3537552,NO 15/9-F-14 H
1837,711,3538263,NO 15/9-F-14 H
1838,923,3539186,NO 15/9-F-14 H
1839,944,3540130,NO 15/9-F-14 H
1840,951,3541081,NO 15/9-F-14 H
1841,952,3542033,NO 15/9-F-14 H
1842,946,3542979,NO 15/9-F-14 H
1843,944,3543923,NO 15/9-F-14 H
1844,936,3544859,NO 15/9-F-14 H
1845,940,3545799,NO 15/9-F-14 H
1846,937,3546736,NO 15/9-F-14 H
1847,940,3547676,NO 15/9-F-14 H
1848,941,3548617,NO 15/9-F-14 H
1849,926,3549543,NO 15/9-F-14 H
1850,43,3549586,NO 15/9-F-14 H
1851,43,3549629,NO 15/9-F-14 H
1852,43,3549672,NO 15/9-F-14 H
1853,187,3549859,NO 15/9-F-14 H
1854,512,3550371,NO 15/9-F-14 H
1855,512,3550883,NO 15/9-F-14 H
1856,540,3551423,NO 15/9-F-14 H
1857,537,3551960,NO 15/9-F-14 H
1858,504,3552464,NO 15/9-F-14 H
1859,446,3552910,NO 15/9-F-14 H
1860,294,3553204,NO 15/9-F-14 H
1861,923,3554127,NO 15/9-F-14 H
1862,928,3555055,NO 15/9-F-14 H
1863,90,3555145,NO 15/9-F-14 H
1864,0,3555145,NO 15/9-F-14 H
1865,613,3555758,NO 15/9-F-14 H
1866,991,3556749,NO 15/9-F-14 H
1867,954,3557703,NO 15/9-F-14 H
1868,438,3558141,NO 15/9-F-14 H
1869,885,3559026,NO 15/9-F-14 H
1870,919,3559945,NO 15/9-F-14 H
1871,594,3560539,NO 15/9-F-14 H
1872,909,3561448,NO 15/9-F-14 H
1873,971,3562419,NO 15/9-F-14 H
1874,920,3563339,NO 15/9-F-14 H
1875,879,3564218,NO 15/9-F-14 H
1876,879,3565097,NO 15/9-F-14 H
1877,474,3565571,NO 15/9-F-14 H
1878,982,3566553,NO 15/9-F-14 H
1879,463,3567016,NO 15/9-F-14 H
1880,463,3567479,NO 15/9-F-14 H
1881,463,3567942,NO 15/9-F-14 H
1882,463,3568405,NO 15/9-F-14 H
1883,0,3568405,NO 15/9-F-14 H
1884,94,3568499,NO 15/9-F-14 H
1885,934,3569433,NO 15/9-F-14 H
1886,963,3570396,NO 15/9-F-14 H
1887,999,3571395,NO 15/9-F-14 H
1888,1023,3572418,NO 15/9-F-14 H
1889,1029,3573447,NO 15/9-F-14 H
1890,898,3574345,NO 15/9-F-14 H
1891,1043,3575388,NO 15/9-F-14 H
1892,1040,3576428,NO 15/9-F-14 H
1893,1029,3577457,NO 15/9-F-14 H
1894,1035,3578492,NO 15/9-F-14 H
1895,1031,3579523,NO 15/9-F-14 H
1896,1025,3580548,NO 15/9-F-14 H
1897,1022,3581570,NO 15/9-F-14 H
1898,1011,3582581,NO 15/9-F-14 H
1899,1011,3583592,NO 15/9-F-14 H
1900,1013,3584605,NO 15/9-F-14 H
1901,1004,3585609,NO 15/9-F-14 H
1902,1015,3586624,NO 15/9-F-14 H
1903,977,3587601,NO 15/9-F-14 H
1904,882,3588483,NO 15/9-F-14 H
1905,945,3589428,NO 15/9-F-14 H
1906,946,3590374,NO 15/9-F-14 H
1907,945,3591319,NO 15/9-F-14 H
1908,943,3592262,NO 15/9-F-14 H
1909,949,3593211,NO 15/9-F-14 H
1910,946,3594157,NO 15/9-F-14 H
1911,941,3595098,NO 15/9-F-14 H
1912,937,3596035,NO 15/9-F-14 H
1913,939,3596974,NO 15/9-F-14 H
1914,934,3597908,NO 15/9-F-14 H
1915,935,3598843,NO 15/9-F-14 H
1916,938,3599781,NO 15/9-F-14 H
1917,936,3600717,NO 15/9-F-14 H
1918,643,3601360,NO 15/9-F-14 H
1919,845,3602205,NO 15/9-F-14 H
1920,866,3603071,NO 15/9-F-14 H
1921,706,3603777,NO 15/9-F-14 H
1922,871,3604648,NO 15/9-F-14 H
1923,886,3605534,NO 15/9-F-14 H
1924,899,3606433,NO 15/9-F-14 H
1925,897,3607330,NO 15/9-F-14 H
1926,904,3608234,NO 15/9-F-14 H
1927,889,3609123,NO 15/9-F-14 H
1928,886,3610009,NO 15/9-F-14 H
1929,875,3610884,NO 15/9-F-14 H
1930,877,3611761,NO 15/9-F-14 H
1931,875,3612636,NO 15/9-F-14 H
1932,876,3613512,NO 15/9-F-14 H
1933,851,3614363,NO 15/9-F-14 H
1934,892,3615255,NO 15/9-F-14 H
1935,893,3616148,NO 15/9-F-14 H
1936,894,3617042,NO 15/9-F-14 H
1937,896,3617938,NO 15/9-F-14 H
1938,899,3618837,NO 15/9-F-14 H
1939,880,3619717,NO 15/9-F-14 H
1940,886,3620603,NO 15/9-F-14 H
1941,889,3621492,NO 15/9-F-14 H
1942,874,3622366,NO 15/9-F-14 H
1943,863,3623229,NO 15/9-F-14 H
1944,883,3624112,NO 15/9-F-14 H
1945,796,3624908,NO 15/9-F-14 H
1946,826,3625734,NO 15/9-F-14 H
1947,834,3626568,NO 15/9-F-14 H
1948,847,3627415,NO 15/9-F-14 H
1949,852,3628267,NO 15/9-F-14 H
1950,852,3629119,NO 15/9-F-14 H
1951,861,3629980,NO 15/9-F-14 H
1952,877,3630857,NO 15/9-F-14 H
1953,878,3631735,NO 15/9-F-14 H
1954,879,3632614,NO 15/9-F-14 H
1955,876,3633490,NO 15/9-F-14 H
1956,788,3634278,NO 15/9-F-14 H
1957,421,3634699,NO 15/9-F-14 H
1958,76,3634775,NO 15/9-F-14 H
1959,76,3634851,NO 15/9-F-14 H
1960,76,3634927,NO 15/9-F-14 H
1961,696,3635623,NO 15/9-F-14 H
1962,567,3636190,NO 15/9-F-14 H
1963,762,3636952,NO 15/9-F-14 H
1964,822,3637774,NO 15/9-F-14 H
1965,825,3638599,NO 15/9-F-14 H
1966,843,3639442,NO 15/9-F-14 H
1967,864,3640306,NO 15/9-F-14 H
1968,866,3641172,NO 15/9-F-14 H
1969,876,3642048,NO 15/9-F-14 H
1970,892,3642940,NO 15/9-F-14 H
1971,584,3643524,NO 15/9-F-14 H
1972,949,3644473,NO 15/9-F-14 H
1973,852,3645325,NO 15/9-F-14 H
1974,858,3646183,NO 15/9-F-14 H
1975,868,3647051,NO 15/9-F-14 H
1976,850,3647901,NO 15/9-F-14 H
1977,873,3648774,NO 15/9-F-14 H
1978,860,3649634,NO 15/9-F-14 H
1979,863,3650497,NO 15/9-F-14 H
1980,837,3651334,NO 15/9-F-14 H
1981,828,3652162,NO 15/9-F-14 H
1982,824,3652986,NO 15/9-F-14 H
1983,823,3653809,NO 15/9-F-14 H
1984,818,3654627,NO 15/9-F-14 H
1985,819,3655446,NO 15/9-F-14 H
1986,817,3656263,NO 15/9-F-14 H
1987,106,3656369,NO 15/9-F-14 H
1988,746,3657115,NO 15/9-F-14 H
1989,771,3657886,NO 15/9-F-14 H
1990,695,3658581,NO 15/9-F-14 H
1991,776,3659357,NO 15/9-F-14 H
1992,780,3660137,NO 15/9-F-14 H
1993,7,3660144,NO 15/9-F-14 H
1994,66,3660210,NO 15/9-F-14 H
1995,670,3660880,NO 15/9-F-14 H
1996,325,3661205,NO 15/9-F-14 H
1997,0,3661205,NO 15/9-F-14 H
1998,0,3661205,NO 15/9-F-14 H
1999,319,3661524,NO 15/9-F-14 H
2000,737,3662261,NO 15/9-F-14 H
2001,770,3663031,NO 15/9-F-14 H
2002,777,3663808,NO 15/9-F-14 H
2003,788,3664596,NO 15/9-F-14 H
2004,783,3665379,NO 15/9-F-14 H
2005,776,3666155,NO 15/9-F-14 H
2006,777,3666932,NO 15/9-F-14 H
2007,765,3667697,NO 15/9-F-14 H
2008,758,3668455,NO 15/9-F-14 H
2009,765,3669220,NO 15/9-F-14 H
2010,769,3669989,NO 15/9-F-14 H
2011,764,3670753,NO 15/9-F-14 H
2012,778,3671531,NO 15/9-F-14 H
2013,766,3672297,NO 15/9-F-14 H
2014,768,3673065,NO 15/9-F-14 H
2015,795,3673860,NO 15/9-F-14 H
2016,783,3674643,NO 15/9-F-14 H
2017,769,3675412,NO 15/9-F-14 H
2018,776,3676188,NO 15/9-F-14 H
2019,762,3676950,NO 15/9-F-14 H
2020,760,3677710,NO 15/9-F-14 H
2021,756,3678466,NO 15/9-F-14 H
2022,751,3679217,NO 15/9-F-14 H
2023,813,3680030,NO 15/9-F-14 H
2024,702,3680732,NO 15/9-F-14 H
2025,705,3681437,NO 15/9-F-14 H
2026,715,3682152,NO 15/9-F-14 H
2027,720,3682872,NO 15/9-F-14 H
2028,721,3683593,NO 15/9-F-14 H
2029,749,3684342,NO 15/9-F-14 H
2030,755,3685097,NO 15/9-F-14 H
2031,760,3685857,NO 15/9-F-14 H
2032,774,3686631,NO 15/9-F-14 H
2033,768,3687399,NO 15/9-F-14 H
2034,764,3688163,NO 15/9-F-14 H
2035,760,3688923,NO 15/9-F-14 H
2036,765,3689688,NO 15/9-F-14 H
2037,749,3690437,NO 15/9-F-14 H
2038,738,3691175,NO 15/9-F-14 H
2039,587,3691762,NO 15/9-F-14 H
2040,218,3691980,NO 15/9-F-14 H
2041,28,3692008,NO 15/9-F-14 H
2042,546,3692554,NO 15/9-F-14 H
2043,479,3693033,NO 15/9-F-14 H
2044,628,3693661,NO 15/9-F-14 H
2045,284,3693945,NO 15/9-F-14 H
2046,284,3694229,NO 15/9-F-14 H
2047,327,3694556,NO 15/9-F-14 H
2048,655,3695211,NO 15/9-F-14 H
2049,575,3695786,NO 15/9-F-14 H
2050,626,3696412,NO 15/9-F-14 H
2051,656,3697068,NO 15/9-F-14 H
2052,660,3697728,NO 15/9-F-14 H
2053,662,3698390,NO 15/9-F-14 H
2054,492,3698882,NO 15/9-F-14 H
2055,799,3699681,NO 15/9-F-14 H
2056,666,3700347,NO 15/9-F-14 H
2057,681,3701028,NO 15/9-F-14 H
2058,681,3701709,NO 15/9-F-14 H
2059,711,3702420,NO 15/9-F-14 H
2060,708,3703128,NO 15/9-F-14 H
2061,706,3703834,NO 15/9-F-14 H
2062,714,3704548,NO 15/9-F-14 H
2063,718,3705266,NO 15/9-F-14 H
2064,714,3705980,NO 15/9-F-14 H
2065,710,3706690,NO 15/9-F-14 H
2066,702,3707392,NO 15/9-F-14 H
2067,704,3708096,NO 15/9-F-14 H
2068,312,3708408,NO 15/9-F-14 H
2069,45,3708453,NO 15/9-F-14 H
2070,616,3709069,NO 15/9-F-14 H
2071,672,3709741,NO 15/9-F-14 H
2072,683,3710424,NO 15/9-F-14 H
2073,681,3711105,NO 15/9-F-14 H
2074,692,3711797,NO 15/9-F-14 H
2075,685,3712482,NO 15/9-F-14 H
2076,680,3713162,NO 15/9-F-14 H
2077,692,3713854,NO 15/9-F-14 H
2078,679,3714533,NO 15/9-F-14 H
2079,687,3715220,NO 15/9-F-14 H
2080,687,3715907,NO 15/9-F-14 H
2081,686,3716593,NO 15/9-F-14 H
2082,688,3717281,NO 15/9-F-14 H
2083,686,3717967,NO 15/9-F-14 H
2084,675,3718642,NO 15/9-F-14 H
2085,0,3718642,NO 15/9-F-14 H
2086,0,3718642,NO 15/9-F-14 H
2087,194,3718836,NO 15/9-F-14 H
2088,634,3719470,NO 15/9-F-14 H
2089,678,3720148,NO 15/9-F-14 H
2090,11,3720159,NO 15/9-F-14 H
2091,6,3720165,NO 15/9-F-14 H
2092,565,3720730,NO 15/9-F-14 H
2093,679,3721409,NO 15/9-F-14 H
2094,648,3722057,NO 15/9-F-14 H
2095,624,3722681,NO 15/9-F-14 H
2096,671,3723352,NO 15/9-F-14 H
2097,662,3724014,NO 15/9-F-14 H
2098,660,3724674,NO 15/9-F-14 H
2099,673,3725347,NO 15/9-F-14 H
2100,707,3726054,NO 15/9-F-14 H
2101,699,3726753,NO 15/9-F-14 H
2102,707,3727460,NO 15/9-F-14 H
2103,714,3728174,NO 15/9-F-14 H
2104,722,3728896,NO 15/9-F-14 H
2105,702,3729598,NO 15/9-F-14 H
2106,701,3730299,NO 15/9-F-14 H
2107,688,3730987,NO 15/9-F-14 H
2108,705,3731692,NO 15/9-F-14 H
2109,706,3732398,NO 15/9-F-14 H
2110,715,3733113,NO 15/9-F-14 H
2111,705,3733818,NO 15/9-F-14 H
2112,700,3734518,NO 15/9-F-14 H
2113,700,3735218,NO 15/9-F-14 H
2114,702,3735920,NO 15/9-F-14 H
2115,702,3736622,NO 15/9-F-14 H
2116,701,3737323,NO 15/9-F-14 H
2117,696,3738019,NO 15/9-F-14 H
2118,699,3738718,NO 15/9-F-14 H
2119,700,3739418,NO 15/9-F-14 H
2120,645,3740063,NO 15/9-F-14 H
2121,643,3740706,NO 15/9-F-14 H
2122,623,3741329,NO 15/9-F-14 H
2123,609,3741938,NO 15/9-F-14 H
2124,321,3742259,NO 15/9-F-14 H
2125,577,3742836,NO 15/9-F-14 H
2126,606,3743442,NO 15/9-F-14 H
2127,309,3743751,NO 15/9-F-14 H
2128,37,3743788,NO 15/9-F-14 H
2129,0,3743788,NO 15/9-F-14 H
2130,56,3743844,NO 15/9-F-14 H
2131,112,3743956,NO 15/9-F-14 H
2132,461,3744417,NO 15/9-F-14 H
2133,553,3744970,NO 15/9-F-14 H
2134,627,3745597,NO 15/9-F-14 H
2135,649,3746246,NO 15/9-F-14 H
2136,629,3746875,NO 15/9-F-14 H
2137,628,3747503,NO 15/9-F-14 H
2138,388,3747891,NO 15/9-F-14 H
2139,589,3748480,NO 15/9-F-14 H
2140,633,3749113,NO 15/9-F-14 H
2141,629,3749742,NO 15/9-F-14 H
2142,628,3750370,NO 15/9-F-14 H
2143,647,3751017,NO 15/9-F-14 H
2144,535,3751552,NO 15/9-F-14 H
2145,263,3751815,NO 15/9-F-14 H
2146,615,3752430,NO 15/9-F-14 H
2147,628,3753058,NO 15/9-F-14 H
2148,627,3753685,NO 15/9-F-14 H
2149,530,3754215,NO 15/9-F-14 H
2150,604,3754819,NO 15/9-F-14 H
2151,632,3755451,NO 15/9-F-14 H
2152,619,3756070,NO 15/9-F-14 H
2153,359,3756429,NO 15/9-F-14 H
2154,33,3756462,NO 15/9-F-14 H
2155,523,3756985,NO 15/9-F-14 H
2156,621,3757606,NO 15/9-F-14 H
2157,648,3758254,NO 15/9-F-14 H
2158,632,3758886,NO 15/9-F-14 H
2159,633,3759519,NO 15/9-F-14 H
2160,631,3760150,NO 15/9-F-14 H
2161,628,3760778,NO 15/9-F-14 H
2162,634,3761412,NO 15/9-F-14 H
2163,618,3762030,NO 15/9-F-14 H
2164,601,3762631,NO 15/9-F-14 H
2165,604,3763235,NO 15/9-F-14 H
2166,619,3763854,NO 15/9-F-14 H
2167,594,3764448,NO 15/9-F-14 H
2168,569,3765017,NO 15/9-F-14 H
2169,580,3765597,NO 15/9-F-14 H
2170,571,3766168,NO 15/9-F-14 H
2171,597,3766765,NO 15/9-F-14 H
2172,624,3767389,NO 15/9-F-14 H
2173,595,3767984,NO 15/9-F-14 H
2174,652,3768636,NO 15/9-F-14 H
2175,528,3769164,NO 15/9-F-14 H
2176,526,3769690,NO 15/9-F-14 H
2177,556,3770246,NO 15/9-F-14 H
2178,241,3770487,NO 15/9-F-14 H
2179,241,3770728,NO 15/9-F-14 H
2180,416,3771144,NO 15/9-F-14 H
2181,564,3771708,NO 15/9-F-14 H
2182,579,3772287,NO 15/9-F-14 H
2183,581,3772868,NO 15/9-F-14 H
2184,578,3773446,NO 15/9-F-14 H
2185,580,3774026,NO 15/9-F-14 H
2186,195,3774221,NO 15/9-F-14 H
2187,195,3774416,NO 15/9-F-14 H
2188,507,3774923,NO 15/9-F-14 H
2189,563,3775486,NO 15/9-F-14 H
2190,299,3775785,NO 15/9-F-14 H
2191,308,3776093,NO 15/9-F-14 H
2192,434,3776527,NO 15/9-F-14 H
2193,597,3777124,NO 15/9-F-14 H
2194,608,3777732,NO 15/9-F-14 H
2195,601,3778333,NO 15/9-F-14 H
2196,610,3778943,NO 15/9-F-14 H
2197,617,3779560,NO 15/9-F-14 H
2198,332,3779892,NO 15/9-F-14 H
2199,597,3780489,NO 15/9-F-14 H
2200,625,3781114,NO 15/9-F-14 H
2201,631,3781745,NO 15/9-F-14 H
2202,641,3782386,NO 15/9-F-14 H
2203,629,3783015,NO 15/9-F-14 H
2204,632,3783647,NO 15/9-F-14 H
2205,616,3784263,NO 15/9-F-14 H
2206,615,3784878,NO 15/9-F-14 H
2207,610,3785488,NO 15/9-F-14 H
2208,617,3786105,NO 15/9-F-14 H
2209,601,3786706,NO 15/9-F-14 H
2210,601,3787307,NO 15/9-F-14 H
2211,616,3787923,NO 15/9-F-14 H
2212,605,3788528,NO 15/9-F-14 H
2213,609,3789137,NO 15/9-F-14 H
2214,613,3789750,NO 15/9-F-14 H
2215,595,3790345,NO 15/9-F-14 H
2216,591,3790936,NO 15/9-F-14 H
2217,595,3791531,NO 15/9-F-14 H
2218,535,3792066,NO 15/9-F-14 H
2219,530,3792596,NO 15/9-F-14 H
2220,527,3793123,NO 15/9-F-14 H
2221,544,3793667,NO 15/9-F-14 H
2222,543,3794210,NO 15/9-F-14 H
2223,544,3794754,NO 15/9-F-14 H
2224,539,3795293,NO 15/9-F-14 H
2225,542,3795835,NO 15/9-F-14 H
2226,535,3796370,NO 15/9-F-14 H
2227,539,3796909,NO 15/9-F-14 H
2228,548,3797457,NO 15/9-F-14 H
2229,541,3797998,NO 15/9-F-14 H
2230,303,3798301,NO 15/9-F-14 H
2231,432,3798733,NO 15/9-F-14 H
2232,107,3798840,NO 15/9-F-14 H
2233,10,3798850,NO 15/9-F-14 H
2234,487,3799337,NO 15/9-F-14 H
2235,165,3799502,NO 15/9-F-14 H
2236,401,3799903,NO 15/9-F-14 H
2237,141,3800044,NO 15/9-F-14 H
2238,487,3800531,NO 15/9-F-14 H
2239,531,3801062,NO 15/9-F-14 H
2240,528,3801590,NO 15/9-F-14 H
2241,530,3802120,NO 15/9-F-14 H
2242,532,3802652,NO 15/9-F-14 H
2243,539,3803191,NO 15/9-F-14 H
2244,539,3803730,NO 15/9-F-14 H
2245,401,3804131,NO 15/9-F-14 H
2246,428,3804559,NO 15/9-F-14 H
2247,544,3805103,NO 15/9-F-14 H
2248,574,3805677,NO 15/9-F-14 H
2249,294,3805971,NO 15/9-F-14 H
2250,586,3806557,NO 15/9-F-14 H
2251,585,3807142,NO 15/9-F-14 H
2252,577,3807719,NO 15/9-F-14 H
2253,585,3808304,NO 15/9-F-14 H
2254,578,3808882,NO 15/9-F-14 H
2255,577,3809459,NO 15/9-F-14 H
2256,584,3810043,NO 15/9-F-14 H
2257,578,3810621,NO 15/9-F-14 H
2258,579,3811200,NO 15/9-F-14 H
2259,575,3811775,NO 15/9-F-14 H
2260,575,3812350,NO 15/9-F-14 H
2261,555,3812905,NO 15/9-F-14 H
2262,581,3813486,NO 15/9-F-14 H
2263,714,3814200,NO 15/9-F-14 H
2264,590,3814790,NO 15/9-F-14 H
2265,584,3815374,NO 15/9-F-14 H
2266,585,3815959,NO 15/9-F-14 H
2267,583,3816542,NO 15/9-F-14 H
2268,555,3817097,NO 15/9-F-14 H
2269,539,3817636,NO 15/9-F-14 H
2270,533,3818169,NO 15/9-F-14 H
2271,530,3818699,NO 15/9-F-14 H
2272,529,3819228,NO 15/9-F-14 H
2273,524,3819752,NO 15/9-F-14 H
2274,544,3820296,NO 15/9-F-14 H
2275,536,3820832,NO 15/9-F-14 H
2276,534,3821366,NO 15/9-F-14 H
2277,263,3821629,NO 15/9-F-14 H
2278,0,3821629,NO 15/9-F-14 H
2279,107,3821736,NO 15/9-F-14 H
2280,469,3822205,NO 15/9-F-14 H
2281,479,3822684,NO 15/9-F-14 H
2282,481,3823165,NO 15/9-F-14 H
2283,487,3823652,NO 15/9-F-14 H
2284,456,3824108,NO 15/9-F-14 H
2285,450,3824558,NO 15/9-F-14 H
2286,456,3825014,NO 15/9-F-14 H
2287,456,3825470,NO 15/9-F-14 H
2288,451,3825921,NO 15/9-F-14 H
2289,454,3826375,NO 15/9-F-14 H
2290,454,3826829,NO 15/9-F-14 H
2291,459,3827288,NO 15/9-F-14 H
2292,464,3827752,NO 15/9-F-14 H
2293,468,3828220,NO 15/9-F-14 H
2294,470,3828690,NO 15/9-F-14 H
2295,448,3829138,NO 15/9-F-14 H
2296,449,3829587,NO 15/9-F-14 H
2297,416,3830003,NO 15/9-F-14 H
2298,418,3830421,NO 15/9-F-14 H
2299,421,3830842,NO 15/9-F-14 H
2300,429,3831271,NO 15/9-F-14 H
2301,431,3831702,NO 15/9-F-14 H
2302,326,3832028,NO 15/9-F-14 H
2303,412,3832440,NO 15/9-F-14 H
2304,422,3832862,NO 15/9-F-14 H
2305,445,3833307,NO 15/9-F-14 H
2306,445,3833752,NO 15/9-F-14 H
2307,449,3834201,NO 15/9-F-14 H
2308,452,3834653,NO 15/9-F-14 H
2309,510,3835163,NO 15/9-F-14 H
2310,451,3835614,NO 15/9-F-14 H
2311,453,3836067,NO 15/9-F-14 H
2312,452,3836519,NO 15/9-F-14 H
2313,503,3837022,NO 15/9-F-14 H
2314,495,3837517,NO 15/9-F-14 H
2315,496,3838013,NO 15/9-F-14 H
2316,501,3838514,NO 15/9-F-14 H
2317,490,3839004,NO 15/9-F-14 H
2318,487,3839491,NO 15/9-F-14 H
2319,484,3839975,NO 15/9-F-14 H
2320,482,3840457,NO 15/9-F-14 H
2321,478,3840935,NO 15/9-F-14 H
2322,474,3841409,NO 15/9-F-14 H
2323,466,3841875,NO 15/9-F-14 H
2324,441,3842316,NO 15/9-F-14 H
2325,463,3842779,NO 15/9-F-14 H
2326,184,3842963,NO 15/9-F-14 H
2327,297,3843260,NO 15/9-F-14 H
2328,395,3843655,NO 15/9-F-14 H
2329,432,3844087,NO 15/9-F-14 H
2330,443,3844530,NO 15/9-F-14 H
2331,439,3844969,NO 15/9-F-14 H
2332,439,3845408,NO 15/9-F-14 H
2333,440,3845848,NO 15/9-F-14 H
2334,436,3846284,NO 15/9-F-14 H
2335,435,3846719,NO 15/9-F-14 H
2336,435,3847154,NO 15/9-F-14 H
2337,443,3847597,NO 15/9-F-14 H
2338,445,3848042,NO 15/9-F-14 H
2339,444,3848486,NO 15/9-F-14 H
2340,451,3848937,NO 15/9-F-14 H
2341,452,3849389,NO 15/9-F-14 H
2342,444,3849833,NO 15/9-F-14 H
2343,442,3850275,NO 15/9-F-14 H
2344,436,3850711,NO 15/9-F-14 H
2345,444,3851155,NO 15/9-F-14 H
2346,441,3851596,NO 15/9-F-14 H
2347,441,3852037,NO 15/9-F-14 H
2348,438,3852475,NO 15/9-F-14 H
2349,437,3852912,NO 15/9-F-14 H
2350,381,3853293,NO 15/9-F-14 H
2351,415,3853708,NO 15/9-F-14 H
2352,446,3854154,NO 15/9-F-14 H
2353,442,3854596,NO 15/9-F-14 H
2354,448,3855044,NO 15/9-F-14 H
2355,444,3855488,NO 15/9-F-14 H
2356,442,3855930,NO 15/9-F-14 H
2357,444,3856374,NO 15/9-F-14 H
2358,441,3856815,NO 15/9-F-14 H
2359,438,3857253,NO 15/9-F-14 H
2360,419,3857672,NO 15/9-F-14 H
2361,355,3858027,NO 15/9-F-14 H
2362,358,3858385,NO 15/9-F-14 H
2363,359,3858744,NO 15/9-F-14 H
2364,358,3859102,NO 15/9-F-14 H
2365,364,3859466,NO 15/9-F-14 H
2366,351,3859817,NO 15/9-F-14 H
2367,350,3860167,NO 15/9-F-14 H
2368,334,3860501,NO 15/9-F-14 H
2369,332,3860833,NO 15/9-F-14 H
2370,331,3861164,NO 15/9-F-14 H
2371,326,3861490,NO 15/9-F-14 H
2372,337,3861827,NO 15/9-F-14 H
2373,341,3862168,NO 15/9-F-14 H
2374,339,3862507,NO 15/9-F-14 H
2375,341,3862848,NO 15/9-F-14 H
2376,342,3863190,NO 15/9-F-14 H
2377,341,3863531,NO 15/9-F-14 H
2378,341,3863872,NO 15/9-F-14 H
2379,338,3864210,NO 15/9-F-14 H
2380,4,3864214,NO 15/9-F-14 H
2381,0,3864214,NO 15/9-F-14 H
2382,0,3864214,NO 15/9-F-14 H
2383,0,3864214,NO 15/9-F-14 H
2384,0,3864214,NO 15/9-F-14 H
2385,0,3864214,NO 15/9-F-14 H
2386,156,3864370,NO 15/9-F-14 H
2387,333,3864703,NO 15/9-F-14 H
2388,358,3865061,NO 15/9-F-14 H
2389,290,3865351,NO 15/9-F-14 H
2390,374,3865725,NO 15/9-F-14 H
2391,369,3866094,NO 15/9-F-14 H
2392,377,3866471,NO 15/9-F-14 H
2393,370,3866841,NO 15/9-F-14 H
2394,419,3867260,NO 15/9-F-14 H
2395,306,3867566,NO 15/9-F-14 H
2396,327,3867893,NO 15/9-F-14 H
2397,335,3868228,NO 15/9-F-14 H
2398,334,3868562,NO 15/9-F-14 H
2399,334,3868896,NO 15/9-F-14 H
2400,333,3869229,NO 15/9-F-14 H
2401,332,3869561,NO 15/9-F-14 H
2402,332,3869893,NO 15/9-F-14 H
2403,327,3870220,NO 15/9-F-14 H
2404,338,3870558,NO 15/9-F-14 H
2405,337,3870895,NO 15/9-F-14 H
2406,332,3871227,NO 15/9-F-14 H
2407,339,3871566,NO 15/9-F-14 H
2408,336,3871902,NO 15/9-F-14 H
2409,333,3872235,NO 15/9-F-14 H
2410,333,3872568,NO 15/9-F-14 H
2411,331,3872899,NO 15/9-F-14 H
2412,340,3873239,NO 15/9-F-14 H
2413,333,3873572,NO 15/9-F-14 H
2414,333,3873905,NO 15/9-F-14 H
2415,339,3874244,NO 15/9-F-14 H
2416,338,3874582,NO 15/9-F-14 H
2417,339,3874921,NO 15/9-F-14 H
2418,339,3875260,NO 15/9-F-14 H
2419,336,3875596,NO 15/9-F-14 H
2420,335,3875931,NO 15/9-F-14 H
2421,5,3875936,NO 15/9-F-14 H
2422,158,3876094,NO 15/9-F-14 H
2423,323,3876417,NO 15/9-F-14 H
2424,341,3876758,NO 15/9-F-14 H
2425,311,3877069,NO 15/9-F-14 H
2426,326,3877395,NO 15/9-F-14 H
2427,322,3877717,NO 15/9-F-14 H
2428,321,3878038,NO 15/9-F-14 H
2429,324,3878362,NO 15/9-F-14 H
2430,320,3878682,NO 15/9-F-14 H
2431,327,3879009,NO 15/9-F-14 H
2432,331,3879340,NO 15/9-F-14 H
2433,327,3879667,NO 15/9-F-14 H
2434,326,3879993,NO 15/9-F-14 H
2435,323,3880316,NO 15/9-F-14 H
2436,323,3880639,NO 15/9-F-14 H
2437,323,3880962,NO 15/9-F-14 H
2438,321,3881283,NO 15/9-F-14 H
2439,320,3881603,NO 15/9-F-14 H
2440,322,3881925,NO 15/9-F-14 H
2441,323,3882248,NO 15/9-F-14 H
2442,320,3882568,NO 15/9-F-14 H
2443,326,3882894,NO 15/9-F-14 H
2444,325,3883219,NO 15/9-F-14 H
2445,325,3883544,NO 15/9-F-14 H
2446,326,3883870,NO 15/9-F-14 H
2447,329,3884199,NO 15/9-F-14 H
2448,345,3884544,NO 15/9-F-14 H
2449,330,3884874,NO 15/9-F-14 H
2450,329,3885203,NO 15/9-F-14 H
2451,318,3885521,NO 15/9-F-14 H
2452,327,3885848,NO 15/9-F-14 H
2453,322,3886170,NO 15/9-F-14 H
2454,327,3886497,NO 15/9-F-14 H
2455,324,3886821,NO 15/9-F-14 H
2456,341,3887162,NO 15/9-F-14 H
2457,336,3887498,NO 15/9-F-14 H
2458,331,3887829,NO 15/9-F-14 H
2459,331,3888160,NO 15/9-F-14 H
2460,339,3888499,NO 15/9-F-14 H
2461,339,3888838,NO 15/9-F-14 H
2462,336,3889174,NO 15/9-F-14 H
2463,349,3889523,NO 15/9-F-14 H
2464,363,3889886,NO 15/9-F-14 H
2465,364,3890250,NO 15/9-F-14 H
2466,359,3890609,NO 15/9-F-14 H
2467,359,3890968,NO 15/9-F-14 H
2468,363,3891331,NO 15/9-F-14 H
2469,358,3891689,NO 15/9-F-14 H
2470,353,3892042,NO 15/9-F-14 H
2471,363,3892405,NO 15/9-F-14 H
2472,354,3892759,NO 15/9-F-14 H
2473,358,3893117,NO 15/9-F-14 H
2474,356,3893473,NO 15/9-F-14 H
2475,356,3893829,NO 15/9-F-14 H
2476,344,3894173,NO 15/9-F-14 H
2477,357,3894530,NO 15/9-F-14 H
2478,340,3894870,NO 15/9-F-14 H
2479,305,3895175,NO 15/9-F-14 H
2480,321,3895496,NO 15/9-F-14 H
2481,401,3895897,NO 15/9-F-14 H
2482,336,3896233,NO 15/9-F-14 H
2483,322,3896555,NO 15/9-F-14 H
2484,198,3896753,NO 15/9-F-14 H
2485,253,3897006,NO 15/9-F-14 H
2486,263,3897269,NO 15/9-F-14 H
2487,282,3897551,NO 15/9-F-14 H
2488,484,3898035,NO 15/9-F-14 H
2489,339,3898374,NO 15/9-F-14 H
2490,310,3898684,NO 15/9-F-14 H
2491,295,3898979,NO 15/9-F-14 H
2492,303,3899282,NO 15/9-F-14 H
2493,314,3899596,NO 15/9-F-14 H
2494,282,3899878,NO 15/9-F-14 H
2495,332,3900210,NO 15/9-F-14 H
2496,278,3900488,NO 15/9-F-14 H
2497,328,3900816,NO 15/9-F-14 H
2498,307,3901123,NO 15/9-F-14 H
2499,325,3901448,NO 15/9-F-14 H
2500,334,3901782,NO 15/9-F-14 H
2501,279,3902061,NO 15/9-F-14 H
2502,279,3902340,NO 15/9-F-14 H
2503,329,3902669,NO 15/9-F-14 H
2504,320,3902989,NO 15/9-F-14 H
2505,305,3903294,NO 15/9-F-14 H
2506,313,3903607,NO 15/9-F-14 H
2507,313,3903920,NO 15/9-F-14 H
2508,319,3904239,NO 15/9-F-14 H
2509,327,3904566,NO 15/9-F-14 H
2510,314,3904880,NO 15/9-F-14 H
2511,320,3905200,NO 15/9-F-14 H
2512,293,3905493,NO 15/9-F-14 H
2513,376,3905869,NO 15/9-F-14 H
2514,354,3906223,NO 15/9-F-14 H
2515,488,3906711,NO 15/9-F-14 H
2516,325,3907036,NO 15/9-F-14 H
2517,344,3907380,NO 15/9-F-14 H
2518,338,3907718,NO 15/9-F-14 H
2519,331,3908049,NO 15/9-F-14 H
2520,324,3908373,NO 15/9-F-14 H
2521,334,3908707,NO 15/9-F-14 H
2522,322,3909029,NO 15/9-F-14 H
2523,189,3909218,NO 15/9-F-14 H
2524,231,3909449,NO 15/9-F-14 H
2525,282,3909731,NO 15/9-F-14 H
2526,313,3910044,NO 15/9-F-14 H
2527,316,3910360,NO 15/9-F-14 H
2528,282,3910642,NO 15/9-F-14 H
2529,301,3910943,NO 15/9-F-14 H
2530,305,3911248,NO 15/9-F-14 H
2531,282,3911530,NO 15/9-F-14 H
2532,298,3911828,NO 15/9-F-14 H
2533,301,3912129,NO 15/9-F-14 H
2534,215,3912344,NO 15/9-F-14 H
2535,299,3912643,NO 15/9-F-14 H
2536,314,3912957,NO 15/9-F-14 H
2537,310,3913267,NO 15/9-F-14 H
2538,308,3913575,NO 15/9-F-14 H
2539,304,3913879,NO 15/9-F-14 H
2540,277,3914156,NO 15/9-F-14 H
2541,119,3914275,NO 15/9-F-14 H
2542,310,3914585,NO 15/9-F-14 H
2543,309,3914894,NO 15/9-F-14 H
2544,278,3915172,NO 15/9-F-14 H
2545,170,3915342,NO 15/9-F-14 H
2546,184,3915526,NO 15/9-F-14 H
2547,270,3915796,NO 15/9-F-14 H
2548,140,3915936,NO 15/9-F-14 H
2549,107,3916043,NO 15/9-F-14 H
2550,338,3916381,NO 15/9-F-14 H
2551,207,3916588,NO 15/9-F-14 H
2552,249,3916837,NO 15/9-F-14 H
2553,256,3917093,NO 15/9-F-14 H
2554,294,3917387,NO 15/9-F-14 H
2555,251,3917638,NO 15/9-F-14 H
2556,273,3917911,NO 15/9-F-14 H
2557,268,3918179,NO 15/9-F-14 H
2558,272,3918451,NO 15/9-F-14 H
2559,271,3918722,NO 15/9-F-14 H
2560,270,3918992,NO 15/9-F-14 H
2561,270,3919262,NO 15/9-F-14 H
2562,261,3919523,NO 15/9-F-14 H
2563,275,3919798,NO 15/9-F-14 H
2564,278,3920076,NO 15/9-F-14 H
2565,272,3920348,NO 15/9-F-14 H
2566,266,3920614,NO 15/9-F-14 H
2567,276,3920890,NO 15/9-F-14 H
2568,276,3921166,NO 15/9-F-14 H
2569,270,3921436,NO 15/9-F-14 H
2570,272,3921708,NO 15/9-F-14 H
2571,272,3921980,NO 15/9-F-14 H
2572,273,3922253,NO 15/9-F-14 H
2573,272,3922525,NO 15/9-F-14 H
2574,272,3922797,NO 15/9-F-14 H
2575,270,3923067,NO 15/9-F-14 H
2576,271,3923338,NO 15/9-F-14 H
2577,283,3923621,NO 15/9-F-14 H
2578,270,3923891,NO 15/9-F-14 H
2579,262,3924153,NO 15/9-F-14 H
2580,260,3924413,NO 15/9-F-14 H
2581,259,3924672,NO 15/9-F-14 H
2582,263,3924935,NO 15/9-F-14 H
2583,262,3925197,NO 15/9-F-14 H
2584,261,3925458,NO 15/9-F-14 H
2585,261,3925719,NO 15/9-F-14 H
2586,257,3925976,NO 15/9-F-14 H
2587,259,3926235,NO 15/9-F-14 H
2588,257,3926492,NO 15/9-F-14 H
2589,259,3926751,NO 15/9-F-14 H
2590,262,3927013,NO 15/9-F-14 H
2591,264,3927277,NO 15/9-F-14 H
2592,264,3927541,NO 15/9-F-14 H
2593,271,3927812,NO 15/9-F-14 H
2594,274,3928086,NO 15/9-F-14 H
2595,258,3928344,NO 15/9-F-14 H
2596,230,3928574,NO 15/9-F-14 H
2597,195,3928769,NO 15/9-F-14 H
2598,250,3929019,NO 15/9-F-14 H
2599,270,3929289,NO 15/9-F-14 H
2600,274,3929563,NO 15/9-F-14 H
2601,261,3929824,NO 15/9-F-14 H
2602,250,3930074,NO 15/9-F-14 H
2603,258,3930332,NO 15/9-F-14 H
2604,262,3930594,NO 15/9-F-14 H
2605,251,3930845,NO 15/9-F-14 H
2606,256,3931101,NO 15/9-F-14 H
2607,254,3931355,NO 15/9-F-14 H
2608,253,3931608,NO 15/9-F-14 H
2609,252,3931860,NO 15/9-F-14 H
2610,252,3932112,NO 15/9-F-14 H
2611,250,3932362,NO 15/9-F-14 H
2612,252,3932614,NO 15/9-F-14 H
2613,251,3932865,NO 15/9-F-14 H
2614,248,3933113,NO 15/9-F-14 H
2615,249,3933362,NO 15/9-F-14 H
2616,250,3933612,NO 15/9-F-14 H
2617,249,3933861,NO 15/9-F-14 H
2618,250,3934111,NO 15/9-F-14 H
2619,250,3934361,NO 15/9-F-14 H
2620,252,3934613,NO 15/9-F-14 H
2621,255,3934868,NO 15/9-F-14 H
2622,252,3935120,NO 15/9-F-14 H
2623,255,3935375,NO 15/9-F-14 H
2624,256,3935631,NO 15/9-F-14 H
2625,258,3935889,NO 15/9-F-14 H
2626,258,3936147,NO 15/9-F-14 H
2627,269,3936416,NO 15/9-F-14 H
2628,268,3936684,NO 15/9-F-14 H
2629,266,3936950,NO 15/9-F-14 H
2630,265,3937215,NO 15/9-F-14 H
2631,267,3937482,NO 15/9-F-14 H
2632,266,3937748,NO 15/9-F-14 H
2633,266,3938014,NO 15/9-F-14 H
2634,267,3938281,NO 15/9-F-14 H
2635,267,3938548,NO 15/9-F-14 H
2636,265,3938813,NO 15/9-F-14 H
2637,261,3939074,NO 15/9-F-14 H
2638,256,3939330,NO 15/9-F-14 H
2639,256,3939586,NO 15/9-F-14 H
2640,251,3939837,NO 15/9-F-14 H
2641,252,3940089,NO 15/9-F-14 H
2642,249,3940338,NO 15/9-F-14 H
2643,250,3940588,NO 15/9-F-14 H
2644,250,3940838,NO 15/9-F-14 H
2645,250,3941088,NO 15/9-F-14 H
2646,249,3941337,NO 15/9-F-14 H
2647,247,3941584,NO 15/9-F-14 H
2648,219,3941803,NO 15/9-F-14 H
2649,219,3942022,NO 15/9-F-14 H
2650,220,3942242,NO 15/9-F-14 H
2651,220,3942462,NO 15/9-F-14 H
2652,218,3942680,NO 15/9-F-14 H
2653,219,3942899,NO 15/9-F-14 H
2654,219,3943118,NO 15/9-F-14 H
2655,216,3943334,NO 15/9-F-14 H
2656,213,3943547,NO 15/9-F-14 H
2657,202,3943749,NO 15/9-F-14 H
2658,216,3943965,NO 15/9-F-14 H
2659,204,3944169,NO 15/9-F-14 H
2660,211,3944380,NO 15/9-F-14 H
2661,206,3944586,NO 15/9-F-14 H
2662,210,3944796,NO 15/9-F-14 H
2663,213,3945009,NO 15/9-F-14 H
2664,211,3945220,NO 15/9-F-14 H
2665,210,3945430,NO 15/9-F-14 H
2666,212,3945642,NO 15/9-F-14 H
2667,212,3945854,NO 15/9-F-14 H
2668,210,3946064,NO 15/9-F-14 H
2669,210,3946274,NO 15/9-F-14 H
2670,210,3946484,NO 15/9-F-14 H
2671,209,3946693,NO 15/9-F-14 H
2672,158,3946851,NO 15/9-F-14 H
2673,208,3947059,NO 15/9-F-14 H
2674,209,3947268,NO 15/9-F-14 H
2675,207,3947475,NO 15/9-F-14 H
2676,205,3947680,NO 15/9-F-14 H
2677,206,3947886,NO 15/9-F-14 H
2678,203,3948089,NO 15/9-F-14 H
2679,200,3948289,NO 15/9-F-14 H
2680,200,3948489,NO 15/9-F-14 H
2681,198,3948687,NO 15/9-F-14 H
2682,197,3948884,NO 15/9-F-14 H
2683,197,3949081,NO 15/9-F-14 H
2684,194,3949275,NO 15/9-F-14 H
2685,200,3949475,NO 15/9-F-14 H
2686,198,3949673,NO 15/9-F-14 H
2687,202,3949875,NO 15/9-F-14 H
2688,200,3950075,NO 15/9-F-14 H
2689,200,3950275,NO 15/9-F-14 H
2690,200,3950475,NO 15/9-F-14 H
2691,196,3950671,NO 15/9-F-14 H
2692,198,3950869,NO 15/9-F-14 H
2693,210,3951079,NO 15/9-F-14 H
2694,209,3951288,NO 15/9-F-14 H
2695,211,3951499,NO 15/9-F-14 H
2696,195,3951694,NO 15/9-F-14 H
2697,239,3951933,NO 15/9-F-14 H
2698,238,3952171,NO 15/9-F-14 H
2699,234,3952405,NO 15/9-F-14 H
2700,232,3952637,NO 15/9-F-14 H
2701,230,3952867,NO 15/9-F-14 H
2702,229,3953096,NO 15/9-F-14 H
2703,226,3953322,NO 15/9-F-14 H
2704,225,3953547,NO 15/9-F-14 H
2705,218,3953765,NO 15/9-F-14 H
2706,214,3953979,NO 15/9-F-14 H
2707,218,3954197,NO 15/9-F-14 H
2708,230,3954427,NO 15/9-F-14 H
2709,226,3954653,NO 15/9-F-14 H
2710,223,3954876,NO 15/9-F-14 H
2711,221,3955097,NO 15/9-F-14 H
2712,219,3955316,NO 15/9-F-14 H
2713,219,3955535,NO 15/9-F-14 H
2714,215,3955750,NO 15/9-F-14 H
2715,214,3955964,NO 15/9-F-14 H
2716,216,3956180,NO 15/9-F-14 H
2717,218,3956398,NO 15/9-F-14 H
2718,218,3956616,NO 15/9-F-14 H
2719,215,3956831,NO 15/9-F-14 H
2720,213,3957044,NO 15/9-F-14 H
2721,211,3957255,NO 15/9-F-14 H
2722,209,3957464,NO 15/9-F-14 H
2723,205,3957669,NO 15/9-F-14 H
2724,144,3957813,NO 15/9-F-14 H
2725,205,3958018,NO 15/9-F-14 H
2726,201,3958219,NO 15/9-F-14 H
2727,200,3958419,NO 15/9-F-14 H
2728,200,3958619,NO 15/9-F-14 H
2729,198,3958817,NO 15/9-F-14 H
2730,199,3959016,NO 15/9-F-14 H
2731,200,3959216,NO 15/9-F-14 H
2732,197,3959413,NO 15/9-F-14 H
2733,194,3959607,NO 15/9-F-14 H
2734,191,3959798,NO 15/9-F-14 H
2735,192,3959990,NO 15/9-F-14 H
2736,191,3960181,NO 15/9-F-14 H
2737,188,3960369,NO 15/9-F-14 H
2738,190,3960559,NO 15/9-F-14 H
2739,189,3960748,NO 15/9-F-14 H
2740,189,3960937,NO 15/9-F-14 H
2741,189,3961126,NO 15/9-F-14 H
2742,188,3961314,NO 15/9-F-14 H
2743,186,3961500,NO 15/9-F-14 H
2744,187,3961687,NO 15/9-F-14 H
2745,185,3961872,NO 15/9-F-14 H
2746,189,3962061,NO 15/9-F-14 H
2747,187,3962248,NO 15/9-F-14 H
2748,187,3962435,NO 15/9-F-14 H
2749,183,3962618,NO 15/9-F-14 H
2750,182,3962800,NO 15/9-F-14 H
2751,182,3962982,NO 15/9-F-14 H
2752,83,3963065,NO 15/9-F-14 H
2753,0,3963065,NO 15/9-F-14 H
2754,0,3963065,NO 15/9-F-14 H
2755,0,3963065,NO 15/9-F-14 H
2756,0,3963065,NO 15/9-F-14 H
2757,28,3963093,NO 15/9-F-14 H
2758,157,3963250,NO 15/9-F-14 H
2759,167,3963417,NO 15/9-F-14 H
2760,149,3963566,NO 15/9-F-14 H
2761,117,3963683,NO 15/9-F-14 H
2762,194,3963877,NO 15/9-F-14 H
2763,190,3964067,NO 15/9-F-14 H
2764,188,3964255,NO 15/9-F-14 H
2765,187,3964442,NO 15/9-F-14 H
2766,187,3964629,NO 15/9-F-14 H
2767,186,3964815,NO 15/9-F-14 H
2768,187,3965002,NO 15/9-F-14 H
2769,190,3965192,NO 15/9-F-14 H
2770,188,3965380,NO 15/9-F-14 H
2771,183,3965563,NO 15/9-F-14 H
2772,189,3965752,NO 15/9-F-14 H
2773,191,3965943,NO 15/9-F-14 H
2774,189,3966132,NO 15/9-F-14 H
2775,197,3966329,NO 15/9-F-14 H
2776,191,3966520,NO 15/9-F-14 H
2777,183,3966703,NO 15/9-F-14 H
2778,194,3966897,NO 15/9-F-14 H
2779,99,3966996,NO 15/9-F-14 H
2780,190,3967186,NO 15/9-F-14 H
2781,195,3967381,NO 15/9-F-14 H
2782,169,3967550,NO 15/9-F-14 H
2783,170,3967720,NO 15/9-F-14 H
2784,168,3967888,NO 15/9-F-14 H
2785,167,3968055,NO 15/9-F-14 H
2786,165,3968220,NO 15/9-F-14 H
2787,171,3968391,NO 15/9-F-14 H
2788,175,3968566,NO 15/9-F-14 H
2789,191,3968757,NO 15/9-F-14 H
2790,190,3968947,NO 15/9-F-14 H
2791,187,3969134,NO 15/9-F-14 H
2792,188,3969322,NO 15/9-F-14 H
2793,187,3969509,NO 15/9-F-14 H
2794,187,3969696,NO 15/9-F-14 H
2795,184,3969880,NO 15/9-F-14 H
2796,193,3970073,NO 15/9-F-14 H
2797,192,3970265,NO 15/9-F-14 H
2798,193,3970458,NO 15/9-F-14 H
2799,190,3970648,NO 15/9-F-14 H
2800,152,3970800,NO 15/9-F-14 H
2801,186,3970986,NO 15/9-F-14 H
2802,186,3971172,NO 15/9-F-14 H
2803,191,3971363,NO 15/9-F-14 H
2804,189,3971552,NO 15/9-F-14 H
2805,190,3971742,NO 15/9-F-14 H
2806,184,3971926,NO 15/9-F-14 H
2807,184,3972110,NO 15/9-F-14 H
2808,183,3972293,NO 15/9-F-14 H
2809,183,3972476,NO 15/9-F-14 H
2810,181,3972657,NO 15/9-F-14 H
2811,178,3972835,NO 15/9-F-14 H
2812,189,3973024,NO 15/9-F-14 H
2813,165,3973189,NO 15/9-F-14 H
2814,165,3973354,NO 15/9-F-14 H
2815,179,3973533,NO 15/9-F-14 H
2816,152,3973685,NO 15/9-F-14 H
2817,156,3973841,NO 15/9-F-14 H
2818,187,3974028,NO 15/9-F-14 H
2819,189,3974217,NO 15/9-F-14 H
2820,167,3974384,NO 15/9-F-14 H
2821,181,3974565,NO 15/9-F-14 H
2822,188,3974753,NO 15/9-F-14 H
2823,168,3974921,NO 15/9-F-14 H
2824,175,3975096,NO 15/9-F-14 H
2825,172,3975268,NO 15/9-F-14 H
2826,167,3975435,NO 15/9-F-14 H
2827,155,3975590,NO 15/9-F-14 H
2828,153,3975743,NO 15/9-F-14 H
2829,162,3975905,NO 15/9-F-14 H
2830,189,3976094,NO 15/9-F-14 H
2831,188,3976282,NO 15/9-F-14 H
2832,192,3976474,NO 15/9-F-14 H
2833,193,3976667,NO 15/9-F-14 H
2834,191,3976858,NO 15/9-F-14 H
2835,192,3977050,NO 15/9-F-14 H
2836,190,3977240,NO 15/9-F-14 H
2837,196,3977436,NO 15/9-F-14 H
2838,187,3977623,NO 15/9-F-14 H
2839,192,3977815,NO 15/9-F-14 H
2840,187,3978002,NO 15/9-F-14 H
2841,188,3978190,NO 15/9-F-14 H
2842,186,3978376,NO 15/9-F-14 H
2843,184,3978560,NO 15/9-F-14 H
2844,183,3978743,NO 15/9-F-14 H
2845,181,3978924,NO 15/9-F-14 H
2846,180,3979104,NO 15/9-F-14 H
2847,178,3979282,NO 15/9-F-14 H
2848,177,3979459,NO 15/9-F-14 H
2849,174,3979633,NO 15/9-F-14 H
2850,173,3979806,NO 15/9-F-14 H
2851,174,3979980,NO 15/9-F-14 H
2852,171,3980151,NO 15/9-F-14 H
2853,178,3980329,NO 15/9-F-14 H
2854,176,3980505,NO 15/9-F-14 H
2855,178,3980683,NO 15/9-F-14 H
2856,177,3980860,NO 15/9-F-14 H
2857,96,3980956,NO 15/9-F-14 H
2858,138,3981094,NO 15/9-F-14 H
2859,163,3981257,NO 15/9-F-14 H
2860,182,3981439,NO 15/9-F-14 H
2861,179,3981618,NO 15/9-F-14 H
2862,177,3981795,NO 15/9-F-14 H
2863,176,3981971,NO 15/9-F-14 H
2864,174,3982145,NO 15/9-F-14 H
2865,175,3982320,NO 15/9-F-14 H
2866,173,3982493,NO 15/9-F-14 H
2867,171,3982664,NO 15/9-F-14 H
2868,169,3982833,NO 15/9-F-14 H
2869,168,3983001,NO 15/9-F-14 H
2870,166,3983167,NO 15/9-F-14 H
2871,164,3983331,NO 15/9-F-14 H
2872,164,3983495,NO 15/9-F-14 H
2873,164,3983659,NO 15/9-F-14 H
2874,162,3983821,NO 15/9-F-14 H
2875,159,3983980,NO 15/9-F-14 H
2876,159,3984139,NO 15/9-F-14 H
2877,159,3984298,NO 15/9-F-14 H
2878,159,3984457,NO 15/9-F-14 H
2879,158,3984615,NO 15/9-F-14 H
2880,157,3984772,NO 15/9-F-14 H
2881,154,3984926,NO 15/9-F-14 H
2882,96,3985022,NO 15/9-F-14 H
2883,105,3985127,NO 15/9-F-14 H
2884,156,3985283,NO 15/9-F-14 H
2885,153,3985436,NO 15/9-F-14 H
2886,154,3985590,NO 15/9-F-14 H
2887,155,3985745,NO 15/9-F-14 H
2888,156,3985901,NO 15/9-F-14 H
2889,156,3986057,NO 15/9-F-14 H
2890,158,3986215,NO 15/9-F-14 H
2891,159,3986374,NO 15/9-F-14 H
2892,133,3986507,NO 15/9-F-14 H
2893,160,3986667,NO 15/9-F-14 H
2894,160,3986827,NO 15/9-F-14 H
2895,159,3986986,NO 15/9-F-14 H
2896,158,3987144,NO 15/9-F-14 H
2897,156,3987300,NO 15/9-F-14 H
2898,152,3987452,NO 15/9-F-14 H
2899,110,3987562,NO 15/9-F-14 H
2900,141,3987703,NO 15/9-F-14 H
2901,150,3987853,NO 15/9-F-14 H
2902,155,3988008,NO 15/9-F-14 H
2903,156,3988164,NO 15/9-F-14 H
2904,153,3988317,NO 15/9-F-14 H
2905,139,3988456,NO 15/9-F-14 H
2906,159,3988615,NO 15/9-F-14 H
2907,152,3988767,NO 15/9-F-14 H
2908,153,3988920,NO 15/9-F-14 H
2909,152,3989072,NO 15/9-F-14 H
2910,150,3989222,NO 15/9-F-14 H
2911,148,3989370,NO 15/9-F-14 H
2912,148,3989518,NO 15/9-F-14 H
2913,146,3989664,NO 15/9-F-14 H
2914,124,3989788,NO 15/9-F-14 H
2915,143,3989931,NO 15/9-F-14 H
2916,147,3990078,NO 15/9-F-14 H
2917,143,3990221,NO 15/9-F-14 H
2918,143,3990364,NO 15/9-F-14 H
2919,144,3990508,NO 15/9-F-14 H
2920,142,3990650,NO 15/9-F-14 H
2921,144,3990794,NO 15/9-F-14 H
2922,136,3990930,NO 15/9-F-14 H
2923,132,3991062,NO 15/9-F-14 H
2924,134,3991196,NO 15/9-F-14 H
2925,134,3991330,NO 15/9-F-14 H
2926,133,3991463,NO 15/9-F-14 H
2927,132,3991595,NO 15/9-F-14 H
2928,130,3991725,NO 15/9-F-14 H
2929,125,3991850,NO 15/9-F-14 H
2930,130,3991980,NO 15/9-F-14 H
2931,123,3992103,NO 15/9-F-14 H
2932,126,3992229,NO 15/9-F-14 H
2933,126,3992355,NO 15/9-F-14 H
2934,125,3992480,NO 15/9-F-14 H
2935,128,3992608,NO 15/9-F-14 H
2936,139,3992747,NO 15/9-F-14 H
2937,138,3992885,NO 15/9-F-14 H
2938,140,3993025,NO 15/9-F-14 H
2939,139,3993164,NO 15/9-F-14 H
2940,141,3993305,NO 15/9-F-14 H
2941,139,3993444,NO 15/9-F-14 H
2942,137,3993581,NO 15/9-F-14 H
2943,136,3993717,NO 15/9-F-14 H
2944,135,3993852,NO 15/9-F-14 H
2945,134,3993986,NO 15/9-F-14 H
2946,133,3994119,NO 15/9-F-14 H
2947,131,3994250,NO 15/9-F-14 H
2948,130,3994380,NO 15/9-F-14 H
2949,130,3994510,NO 15/9-F-14 H
2950,128,3994638,NO 15/9-F-14 H
2951,79,3994717,NO 15/9-F-14 H
2952,123,3994840,NO 15/9-F-14 H
2953,127,3994967,NO 15/9-F-14 H
2954,126,3995093,NO 15/9-F-14 H
2955,127,3995220,NO 15/9-F-14 H
2956,121,3995341,NO 15/9-F-14 H
2957,119,3995460,NO 15/9-F-14 H
2958,118,3995578,NO 15/9-F-14 H
2959,119,3995697,NO 15/9-F-14 H
2960,117,3995814,NO 15/9-F-14 H
2961,114,3995928,NO 15/9-F-14 H
2962,113,3996041,NO 15/9-F-14 H
2963,114,3996155,NO 15/9-F-14 H
2964,114,3996269,NO 15/9-F-14 H
2965,112,3996381,NO 15/9-F-14 H
2966,106,3996487,NO 15/9-F-14 H
2967,109,3996596,NO 15/9-F-14 H
2968,110,3996706,NO 15/9-F-14 H
2969,108,3996814,NO 15/9-F-14 H
2970,105,3996919,NO 15/9-F-14 H
2971,104,3997023,NO 15/9-F-14 H
2972,102,3997125,NO 15/9-F-14 H
2973,103,3997228,NO 15/9-F-14 H
2974,103,3997331,NO 15/9-F-14 H
2975,102,3997433,NO 15/9-F-14 H
2976,77,3997510,NO 15/9-F-14 H
2977,94,3997604,NO 15/9-F-14 H
2978,119,3997723,NO 15/9-F-14 H
2979,116,3997839,NO 15/9-F-14 H
2980,115,3997954,NO 15/9-F-14 H
2981,113,3998067,NO 15/9-F-14 H
2982,109,3998176,NO 15/9-F-14 H
2983,109,3998285,NO 15/9-F-14 H
2984,110,3998395,NO 15/9-F-14 H
2985,107,3998502,NO 15/9-F-14 H
2986,113,3998615,NO 15/9-F-14 H
2987,117,3998732,NO 15/9-F-14 H
2988,98,3998830,NO 15/9-F-14 H
2989,112,3998942,NO 15/9-F-14 H
2990,116,3999058,NO 15/9-F-14 H
2991,112,3999170,NO 15/9-F-14 H
2992,78,3999248,NO 15/9-F-14 H
2993,111,3999359,NO 15/9-F-14 H
2994,99,3999458,NO 15/9-F-14 H
2995,96,3999554,NO 15/9-F-14 H
2996,94,3999648,NO 15/9-F-14 H
2997,92,3999740,NO 15/9-F-14 H
2998,93,3999833,NO 15/9-F-14 H
2999,100,3999933,NO 15/9-F-14 H
3000,100,4000033,NO 15/9-F-14 H
3001,98,4000131,NO 15/9-F-14 H
3002,101,4000232,NO 15/9-F-14 H
3003,111,4000343,NO 15/9-F-14 H
3004,110,4000453,NO 15/9-F-14 H
3005,111,4000564,NO 15/9-F-14 H
3006,111,4000675,NO 15/9-F-14 H
3007,111,4000786,NO 15/9-F-14 H
3008,110,4000896,NO 15/9-F-14 H
3009,109,4001005,NO 15/9-F-14 H
3010,108,4001113,NO 15/9-F-14 H
3011,107,4001220,NO 15/9-F-14 H
3012,106,4001326,NO 15/9-F-14 H
3013,106,4001432,NO 15/9-F-14 H
3014,105,4001537,NO 15/9-F-14 H
3015,71,4001608,NO 15/9-F-14 H
3016,107,4001715,NO 15/9-F-14 H
3017,104,4001819,NO 15/9-F-14 H
3018,103,4001922,NO 15/9-F-14 H
3019,102,4002024,NO 15/9-F-14 H
3020,102,4002126,NO 15/9-F-14 H
3021,101,4002227,NO 15/9-F-14 H
3022,101,4002328,NO 15/9-F-14 H
3023,102,4002430,NO 15/9-F-14 H
3024,102,4002532,NO 15/9-F-14 H
3025,103,4002635,NO 15/9-F-14 H
3026,103,4002738,NO 15/9-F-14 H
3027,102,4002840,NO 15/9-F-14 H
3028,102,4002942,NO 15/9-F-14 H
3029,101,4003043,NO 15/9-F-14 H
3030,101,4003144,NO 15/9-F-14 H
3031,103,4003247,NO 15/9-F-14 H
3032,103,4003350,NO 15/9-F-14 H
3033,102,4003452,NO 15/9-F-14 H
3034,97,4003549,NO 15/9-F-14 H
3035,103,4003652,NO 15/9-F-14 H
3036,103,4003755,NO 15/9-F-14 H
3037,103,4003858,NO 15/9-F-14 H
3038,104,4003962,NO 15/9-F-14 H
3039,92,4004054,NO 15/9-F-14 H
3040,102,4004156,NO 15/9-F-14 H
3041,106,4004262,NO 15/9-F-14 H
3042,109,4004371,NO 15/9-F-14 H
3043,91,4004462,NO 15/9-F-14 H
3044,107,4004569,NO 15/9-F-14 H
3045,104,4004673,NO 15/9-F-14 H
3046,104,4004777,NO 15/9-F-14 H
3047,105,4004882,NO 15/9-F-14 H
3048,103,4004985,NO 15/9-F-14 H
3049,103,4005088,NO 15/9-F-14 H
3050,104,4005192,NO 15/9-F-14 H
3051,104,4005296,NO 15/9-F-14 H
3052,103,4005399,NO 15/9-F-14 H
3053,103,4005502,NO 15/9-F-14 H
3054,103,4005605,NO 15/9-F-14 H
3055,103,4005708,NO 15/9-F-14 H
3056,103,4005811,NO 15/9-F-14 H
3057,103,4005914,NO 15/9-F-14 H
3058,101,4006015,NO 15/9-F-14 H
3059,102,4006117,NO 15/9-F-14 H
3060,102,4006219,NO 15/9-F-14 H
3061,101,4006320,NO 15/9-F-14 H
3062,103,4006423,NO 15/9-F-14 H
3063,102,4006525,NO 15/9-F-14 H
3064,102,4006627,NO 15/9-F-14 H
3065,101,4006728,NO 15/9-F-14 H
3066,102,4006830,NO 15/9-F-14 H
3067,98,4006928,NO 15/9-F-14 H
3068,106,4007034,NO 15/9-F-14 H
3069,106,4007140,NO 15/9-F-14 H
3070,102,4007242,NO 15/9-F-14 H
3071,113,4007355,NO 15/9-F-14 H
3072,109,4007464,NO 15/9-F-14 H
3073,114,4007578,NO 15/9-F-14 H
3074,68,4007646,NO 15/9-F-14 H
3075,0,4007646,NO 15/9-F-14 H
3076,0,4007646,NO 15/9-F-14 H
3077,0,4007646,NO 15/9-F-14 H
3078,0,4007646,NO 15/9-F-14 H
3079,0,4007646,NO 15/9-F-14 H
3080,0,4007646,NO 15/9-F-14 H
3081,0,4007646,NO 15/9-F-14 H
3082,0,4007646,NO 15/9-F-14 H
3083,0,4007646,NO 15/9-F-14 H
3084,0,4007646,NO 15/9-F-14 H
3085,0,4007646,NO 15/9-F-14 H
3086,0,4007646,NO 15/9-F-14 H
3087,0,4007646,NO 15/9-F-14 H
3088,0,4007646,NO 15/9-F-14 H
3089,0,4007646,NO 15/9-F-14 H
3090,0,4007646,NO 15/9-F-14 H
3091,0,4007646,NO 15/9-F-14 H
3092,0,4007646,NO 15/9-F-14 H
3093,0,4007646,NO 15/9-F-14 H
3094,0,4007646,NO 15/9-F-14 H
3095,0,4007646,NO 15/9-F-14 H
3096,0,4007646,NO 15/9-F-14 H
3097,0,4007646,NO 15/9-F-14 H
3098,0,4007646,NO 15/9-F-14 H
3099,0,4007646,NO 15/9-F-14 H
3100,0,4007646,NO 15/9-F-14 H
3101,0,4007646,NO 15/9-F-14 H
3102,0,4007646,NO 15/9-F-14 H
3103,0,4007646,NO 15/9-F-14 H
3104,0,4007646,NO 15/9-F-14 H
3105,0,4007646,NO 15/9-F-14 H
3106,0,4007646,NO 15/9-F-14 H
3107,0,4007646,NO 15/9-F-14 H
3108,0,4007646,NO 15/9-F-14 H
3109,0,4007646,NO 15/9-F-14 H
3110,0,4007646,NO 15/9-F-14 H
3111,0,4007646,NO 15/9-F-14 H
3112,0,4007646,NO 15/9-F-14 H
3113,0,4007646,NO 15/9-F-14 H
3114,0,4007646,NO 15/9-F-14 H
3115,0,4007646,NO 15/9-F-14 H
3116,0,4007646,NO 15/9-F-14 H
3117,0,4007646,NO 15/9-F-14 H
3118,0,4007646,NO 15/9-F-14 H
3119,0,4007646,NO 15/9-F-14 H
3120,0,4007646,NO 15/9-F-14 H
3121,0,4007646,NO 15/9-F-14 H
3122,0,4007646,NO 15/9-F-14 H
3123,0,4007646,NO 15/9-F-14 H
3124,0,4007646,NO 15/9-F-14 H
3125,0,4007646,NO 15/9-F-14 H
3126,0,4007646,NO 15/9-F-14 H
3127,0,4007646,NO 15/9-F-14 H
3128,0,4007646,NO 15/9-F-14 H
3129,0,4007646,NO 15/9-F-14 H
3130,0,4007646,NO 15/9-F-14 H
3131,0,4007646,NO 15/9-F-14 H
3132,0,4007646,NO 15/9-F-14 H
3133,0,4007646,NO 15/9-F-14 H
3134,0,4007646,NO 15/9-F-14 H
3135,0,4007646,NO 15/9-F-14 H
3136,0,4007646,NO 15/9-F-14 H
3137,0,4007646,NO 15/9-F-14 H
3138,0,4007646,NO 15/9-F-14 H
3139,0,4007646,NO 15/9-F-14 H
3140,0,4007646,NO 15/9-F-14 H
